Algorithm Performed: DFS
Time Elapsed: 0.78 sec
Expanded Nodes: 3211
Memory Usage at peak: 3.6912 MB
Solution Steps: 2825 steps

0001: 1 0 4
0002: 2 3 2
0003: 1 0 3
0004: 3 4 1
0005: 1 0 4
0006: 2 3 1
0007: 1 0 3
0008: 4 5 1
0009: 1 0 4
0010: 2 3 2
0011: 1 0 3
0012: 3 4 0
0013: 1 0 4
0014: 2 3 1
0015: 1 0 3
0016: 4 5 2
0017: 1 0 4
0018: 2 3 2
0019: 1 0 3
0020: 3 4 1
0021: 1 0 4
0022: 2 3 1
0023: 1 0 3
0024: 5 1 0
0025: 1 0 4
0026: 2 3 0
0027: 1 0 3
0028: 3 4 0
0029: 1 0 4
0030: 2 3 1
0031: 1 0 3
0032: 2 3 2
0033: 1 0 4
0034: 3 4 1
0035: 1 0 3
0036: 4 5 1
0037: 1 0 4
0038: 2 3 1
0039: 1 0 3
0040: 2 3 0
0041: 1 0 4
0042: 3 4 0
0043: 1 0 3
0044: 2 3 1
0045: 1 0 4
0046: 2 3 2
0047: 1 0 3
0048: 4 5 0
0049: 1 0 4
0050: 2 3 1
0051: 1 0 3
0052: 2 3 0
0053: 1 0 4
0054: 3 4 1
0055: 1 0 3
0056: 2 3 1
0057: 1 0 4
0058: 2 3 2
0059: 1 0 3
0060: 5 0 0
0061: 1 0 4
0062: 2 3 1
0063: 1 0 3
0064: 2 3 0
0065: 1 0 4
0066: 3 4 0
0067: 1 0 3
0068: 2 3 1
0069: 1 0 4
0070: 2 3 2
0071: 1 0 3
0072: 4 5 1
0073: 1 0 4
0074: 2 3 1
0075: 1 0 3
0076: 2 3 0
0077: 1 0 4
0078: 3 4 1
0079: 1 0 3
0080: 2 3 1
0081: 1 0 4
0082: 2 3 2
0083: 1 0 3
0084: 4 5 2
0085: 1 0 4
0086: 2 3 1
0087: 1 0 3
0088: 2 3 0
0089: 1 0 4
0090: 3 4 0
0091: 1 0 3
0092: 2 3 1
0093: 1 0 4
0094: 2 3 2
0095: 1 0 3
0096: 6 0 1
0097: 0 2 1
0098: 0 2 0
0099: 1 0 4
0100: 0 2 1
0101: 0 2 2
0102: 2 3 1
0103: 0 2 1
0104: 0 2 0
0105: 1 0 3
0106: 0 2 1
0107: 0 2 2
0108: 2 3 0
0109: 0 2 1
0110: 0 2 0
0111: 1 0 4
0112: 0 2 1
0113: 0 2 2
0114: 3 4 1
0115: 0 2 1
0116: 0 2 0
0117: 1 0 3
0118: 0 2 1
0119: 0 2 2
0120: 2 3 1
0121: 0 2 1
0122: 0 2 0
0123: 1 0 4
0124: 0 2 1
0125: 0 2 2
0126: 2 3 2
0127: 0 2 1
0128: 0 2 0
0129: 1 0 3
0130: 0 2 1
0131: 0 2 2
0132: 4 5 1
0133: 0 2 1
0134: 0 2 0
0135: 1 0 4
0136: 0 2 1
0137: 0 2 2
0138: 2 3 1
0139: 0 2 1
0140: 0 2 0
0141: 1 0 3
0142: 0 2 1
0143: 0 2 2
0144: 2 3 0
0145: 0 2 1
0146: 0 2 0
0147: 1 0 4
0148: 0 2 1
0149: 0 2 2
0150: 3 4 0
0151: 0 2 1
0152: 0 2 0
0153: 1 0 3
0154: 0 2 1
0155: 0 2 2
0156: 2 3 1
0157: 0 2 1
0158: 0 2 0
0159: 1 0 4
0160: 0 2 1
0161: 0 2 2
0162: 2 3 2
0163: 0 2 1
0164: 0 2 0
0165: 1 0 3
0166: 0 2 1
0167: 0 2 2
0168: 4 5 0
0169: 0 2 1
0170: 0 2 0
0171: 1 0 4
0172: 0 2 1
0173: 0 2 2
0174: 2 3 1
0175: 0 2 1
0176: 0 2 0
0177: 1 0 3
0178: 0 2 1
0179: 0 2 2
0180: 2 3 0
0181: 0 2 1
0182: 0 2 0
0183: 1 0 4
0184: 0 2 1
0185: 0 2 2
0186: 3 4 1
0187: 0 2 1
0188: 0 2 0
0189: 1 0 3
0190: 0 2 1
0191: 0 2 2
0192: 2 3 1
0193: 0 2 1
0194: 0 2 0
0195: 1 0 4
0196: 0 2 1
0197: 0 2 2
0198: 2 3 2
0199: 0 2 1
0200: 0 2 0
0201: 1 0 3
0202: 0 2 1
0203: 0 2 2
0204: 5 1 0
0205: 0 2 1
0206: 1 0 4
0207: 0 2 2
0208: 2 3 1
0209: 0 2 1
0210: 1 0 3
0211: 0 2 2
0212: 2 3 0
0213: 0 2 1
0214: 1 0 4
0215: 0 2 2
0216: 3 4 0
0217: 0 2 1
0218: 1 0 3
0219: 0 2 2
0220: 2 3 1
0221: 0 2 1
0222: 1 0 4
0223: 0 2 2
0224: 2 3 2
0225: 0 2 1
0226: 1 0 3
0227: 0 2 2
0228: 4 5 1
0229: 0 2 1
0230: 1 0 4
0231: 0 2 2
0232: 2 3 1
0233: 0 2 1
0234: 1 0 3
0235: 0 2 2
0236: 2 3 0
0237: 0 2 1
0238: 1 0 4
0239: 0 2 2
0240: 3 4 1
0241: 0 2 1
0242: 1 0 3
0243: 0 2 2
0244: 2 3 1
0245: 0 2 1
0246: 1 0 4
0247: 0 2 2
0248: 2 3 2
0249: 0 2 1
0250: 1 0 3
0251: 0 2 2
0252: 4 5 2
0253: 0 2 1
0254: 1 0 4
0255: 0 2 2
0256: 2 3 1
0257: 0 2 1
0258: 1 0 3
0259: 0 2 2
0260: 2 3 0
0261: 0 2 1
0262: 1 0 4
0263: 0 2 2
0264: 3 4 0
0265: 0 2 1
0266: 1 0 3
0267: 0 2 2
0268: 2 3 1
0269: 0 2 1
0270: 1 0 4
0271: 0 2 2
0272: 2 3 2
0273: 0 2 1
0274: 1 0 3
0275: 0 2 2
0276: 5 2 0
0277: 0 2 1
0278: 1 0 4
0279: 0 2 2
0280: 2 3 1
0281: 0 2 1
0282: 1 0 3
0283: 0 2 2
0284: 3 4 1
0285: 0 2 1
0286: 1 0 4
0287: 0 2 2
0288: 2 3 2
0289: 0 2 1
0290: 1 0 3
0291: 0 2 2
0292: 4 5 1
0293: 0 2 1
0294: 1 0 4
0295: 0 2 2
0296: 2 3 1
0297: 0 2 1
0298: 1 0 3
0299: 0 2 2
0300: 3 4 0
0301: 0 2 1
0302: 1 0 4
0303: 0 2 2
0304: 2 3 2
0305: 0 2 1
0306: 1 0 3
0307: 0 2 2
0308: 4 5 0
0309: 0 2 1
0310: 1 0 4
0311: 0 2 2
0312: 2 3 1
0313: 0 2 1
0314: 1 0 3
0315: 0 2 2
0316: 3 4 1
0317: 0 2 1
0318: 1 0 4
0319: 0 2 2
0320: 2 3 2
0321: 0 2 1
0322: 1 0 3
0323: 0 2 2
0324: 5 3 0
0325: 0 2 1
0326: 0 2 0
0327: 1 0 4
0328: 0 2 1
0329: 0 2 2
0330: 2 3 1
0331: 0 2 1
0332: 0 2 0
0333: 1 0 3
0334: 0 2 1
0335: 0 2 2
0336: 4 5 1
0337: 0 2 1
0338: 0 2 0
0339: 1 0 4
0340: 0 2 1
0341: 0 2 2
0342: 2 3 2
0343: 0 2 1
0344: 0 2 0
0345: 1 0 3
0346: 0 2 1
0347: 0 2 2
0348: 4 5 2
0349: 0 2 1
0350: 0 2 0
0351: 1 0 4
0352: 0 2 1
0353: 0 2 2
0354: 2 3 1
0355: 0 2 1
0356: 0 2 0
0357: 1 0 3
0358: 0 2 1
0359: 0 2 2
0360: 5 4 0
0361: 0 2 1
0362: 0 2 0
0363: 1 0 4
0364: 0 2 1
0365: 0 2 2
0366: 2 3 0
0367: 0 2 1
0368: 0 2 0
0369: 1 0 3
0370: 0 2 1
0371: 0 2 2
0372: 4 5 1
0373: 0 2 1
0374: 0 2 0
0375: 1 0 4
0376: 0 2 1
0377: 0 2 2
0378: 2 3 1
0379: 0 2 1
0380: 0 2 0
0381: 1 0 3
0382: 0 2 1
0383: 0 2 2
0384: 2 3 2
0385: 0 2 1
0386: 0 2 0
0387: 1 0 4
0388: 0 2 1
0389: 0 2 2
0390: 4 5 2
0391: 0 2 1
0392: 0 2 0
0393: 1 0 3
0394: 0 2 1
0395: 0 2 2
0396: 6 1 1
0397: 1 0 4
0398: 2 3 1
0399: 1 0 3
0400: 2 3 0
0401: 1 0 4
0402: 4 5 1
0403: 1 0 3
0404: 2 3 1
0405: 1 0 4
0406: 2 3 2
0407: 1 0 3
0408: 5 3 0
0409: 1 0 4
0410: 2 3 1
0411: 1 0 3
0412: 4 5 0
0413: 1 0 4
0414: 2 3 2
0415: 1 0 3
0416: 6 2 1
0417: 1 0 4
0418: 4 5 1
0419: 1 0 3
0420: 4 5 2
0421: 1 0 4
0422: 5 2 0
0423: 1 0 3
0424: 3 4 0
0425: 1 0 4
0426: 4 5 1
0427: 1 0 3
0428: 3 4 1
0429: 1 0 4
0430: 4 5 0
0431: 1 0 3
0432: 3 4 0
0433: 1 0 4
0434: 5 1 0
0435: 1 0 3
0436: 3 4 1
0437: 1 0 4
0438: 4 5 1
0439: 1 0 3
0440: 3 4 0
0441: 1 0 4
0442: 4 5 2
0443: 1 0 3
0444: 3 4 1
0445: 1 0 4
0446: 5 0 0
0447: 1 0 3
0448: 3 4 0
0449: 1 0 4
0450: 4 5 1
0451: 1 0 3
0452: 3 4 1
0453: 1 0 4
0454: 4 5 0
0455: 1 0 3
0456: 3 4 0
0457: 1 0 4
0458: 8 1 4
0459: 1 0 3
0460: 2 3 3
0461: 1 0 4
0462: 2 3 4
0463: 1 0 3
0464: 3 4 1
0465: 1 0 4
0466: 2 3 3
0467: 1 0 3
0468: 2 3 2
0469: 1 0 4
0470: 4 5 1
0471: 1 0 3
0472: 2 3 3
0473: 1 0 4
0474: 2 3 4
0475: 1 0 3
0476: 3 4 0
0477: 1 0 4
0478: 2 3 3
0479: 1 0 3
0480: 2 3 2
0481: 1 0 4
0482: 4 5 2
0483: 1 0 3
0484: 2 3 3
0485: 1 0 4
0486: 2 3 4
0487: 1 0 3
0488: 3 4 1
0489: 1 0 4
0490: 2 3 3
0491: 1 0 3
0492: 2 3 2
0493: 1 0 4
0494: 5 1 0
0495: 1 0 3
0496: 2 3 3
0497: 1 0 4
0498: 2 3 4
0499: 1 0 3
0500: 3 4 0
0501: 1 0 4
0502: 2 3 3
0503: 1 0 3
0504: 2 3 2
0505: 1 0 4
0506: 4 5 1
0507: 1 0 3
0508: 2 3 3
0509: 1 0 4
0510: 2 3 4
0511: 1 0 3
0512: 3 4 1
0513: 1 0 4
0514: 2 3 3
0515: 1 0 3
0516: 2 3 2
0517: 1 0 4
0518: 4 5 0
0519: 1 0 3
0520: 2 3 3
0521: 1 0 4
0522: 2 3 4
0523: 1 0 3
0524: 3 4 0
0525: 1 0 4
0526: 2 3 3
0527: 1 0 3
0528: 2 3 2
0529: 1 0 4
0530: 5 2 0
0531: 1 0 3
0532: 2 3 3
0533: 1 0 4
0534: 2 3 4
0535: 1 0 3
0536: 3 4 1
0537: 1 0 4
0538: 2 3 3
0539: 1 0 3
0540: 2 3 2
0541: 1 0 4
0542: 4 5 1
0543: 1 0 3
0544: 2 3 3
0545: 1 0 4
0546: 2 3 4
0547: 1 0 3
0548: 3 4 0
0549: 1 0 4
0550: 2 3 3
0551: 1 0 3
0552: 2 3 2
0553: 1 0 4
0554: 4 5 2
0555: 1 0 3
0556: 2 3 3
0557: 1 0 4
0558: 2 3 4
0559: 1 0 3
0560: 3 4 1
0561: 1 0 4
0562: 2 3 3
0563: 1 0 3
0564: 2 3 2
0565: 1 0 4
0566: 5 3 0
0567: 1 0 3
0568: 2 3 3
0569: 1 0 4
0570: 2 3 4
0571: 1 0 3
0572: 4 5 1
0573: 1 0 4
0574: 2 3 3
0575: 1 0 3
0576: 2 3 2
0577: 1 0 4
0578: 4 5 0
0579: 1 0 3
0580: 2 3 3
0581: 1 0 4
0582: 2 3 4
0583: 1 0 3
0584: 6 1 1
0585: 1 0 4
0586: 2 3 3
0587: 1 0 3
0588: 2 3 2
0589: 1 0 4
0590: 2 3 1
0591: 1 0 3
0592: 4 5 1
0593: 1 0 4
0594: 2 3 2
0595: 1 0 3
0596: 2 3 3
0597: 1 0 4
0598: 2 3 4
0599: 1 0 3
0600: 4 5 2
0601: 1 0 4
0602: 2 3 3
0603: 1 0 3
0604: 2 3 2
0605: 1 0 4
0606: 2 3 1
0607: 1 0 3
0608: 5 2 0
0609: 1 0 4
0610: 2 3 2
0611: 1 0 3
0612: 2 3 3
0613: 1 0 4
0614: 2 3 4
0615: 1 0 3
0616: 3 4 0
0617: 1 0 4
0618: 2 3 3
0619: 1 0 3
0620: 2 3 2
0621: 1 0 4
0622: 2 3 1
0623: 1 0 3
0624: 4 5 1
0625: 1 0 4
0626: 2 3 2
0627: 1 0 3
0628: 2 3 3
0629: 1 0 4
0630: 2 3 4
0631: 1 0 3
0632: 3 4 1
0633: 1 0 4
0634: 2 3 3
0635: 1 0 3
0636: 2 3 2
0637: 1 0 4
0638: 2 3 1
0639: 1 0 3
0640: 4 5 0
0641: 1 0 4
0642: 2 3 2
0643: 1 0 3
0644: 2 3 3
0645: 1 0 4
0646: 2 3 4
0647: 1 0 3
0648: 3 4 0
0649: 1 0 4
0650: 2 3 3
0651: 1 0 3
0652: 2 3 2
0653: 1 0 4
0654: 2 3 1
0655: 1 0 3
0656: 5 1 0
0657: 1 0 4
0658: 2 3 0
0659: 1 0 3
0660: 3 4 1
0661: 1 0 4
0662: 2 3 1
0663: 1 0 3
0664: 2 3 2
0665: 1 0 4
0666: 2 3 3
0667: 1 0 3
0668: 2 3 4
0669: 1 0 4
0670: 3 4 0
0671: 1 0 3
0672: 2 3 3
0673: 1 0 4
0674: 2 3 2
0675: 1 0 3
0676: 4 5 1
0677: 1 0 4
0678: 2 3 1
0679: 1 0 3
0680: 2 3 0
0681: 1 0 4
0682: 3 4 1
0683: 1 0 3
0684: 2 3 1
0685: 1 0 4
0686: 2 3 2
0687: 1 0 3
0688: 2 3 3
0689: 1 0 4
0690: 2 3 4
0691: 1 0 3
0692: 3 4 0
0693: 1 0 4
0694: 2 3 3
0695: 1 0 3
0696: 4 5 2
0697: 1 0 4
0698: 2 3 2
0699: 1 0 3
0700: 2 3 1
0701: 1 0 4
0702: 2 3 0
0703: 1 0 3
0704: 3 4 1
0705: 1 0 4
0706: 2 3 1
0707: 1 0 3
0708: 2 3 2
0709: 1 0 4
0710: 2 3 3
0711: 1 0 3
0712: 2 3 4
0713: 1 0 4
0714: 3 4 0
0715: 1 0 3
0716: 5 0 0
0717: 1 0 4
0718: 2 3 3
0719: 1 0 3
0720: 2 3 2
0721: 1 0 4
0722: 2 3 1
0723: 1 0 3
0724: 2 3 0
0725: 1 0 4
0726: 3 4 1
0727: 1 0 3
0728: 2 3 1
0729: 1 0 4
0730: 2 3 2
0731: 1 0 3
0732: 2 3 3
0733: 1 0 4
0734: 2 3 4
0735: 1 0 3
0736: 4 5 1
0737: 1 0 4
0738: 2 3 3
0739: 1 0 3
0740: 2 3 2
0741: 1 0 4
0742: 2 3 1
0743: 1 0 3
0744: 2 3 0
0745: 1 0 4
0746: 3 4 0
0747: 1 0 3
0748: 2 3 1
0749: 1 0 4
0750: 2 3 2
0751: 1 0 3
0752: 2 3 3
0753: 1 0 4
0754: 2 3 4
0755: 1 0 3
0756: 4 5 0
0757: 1 0 4
0758: 2 3 3
0759: 1 0 3
0760: 2 3 2
0761: 1 0 4
0762: 2 3 1
0763: 1 0 3
0764: 2 3 0
0765: 1 0 4
0766: 3 4 1
0767: 1 0 3
0768: 2 3 1
0769: 1 0 4
0770: 2 3 2
0771: 1 0 3
0772: 2 3 3
0773: 1 0 4
0774: 2 3 4
0775: 1 0 3
0776: 6 0 1
0777: 0 2 1
0778: 0 2 0
0779: 1 0 4
0780: 0 2 1
0781: 0 2 2
0782: 2 3 3
0783: 0 2 1
0784: 0 2 0
0785: 1 0 3
0786: 0 2 1
0787: 0 2 2
0788: 2 3 2
0789: 0 2 1
0790: 0 2 0
0791: 1 0 4
0792: 0 2 1
0793: 0 2 2
0794: 2 3 1
0795: 0 2 1
0796: 0 2 0
0797: 1 0 3
0798: 0 2 1
0799: 0 2 2
0800: 2 3 0
0801: 0 2 1
0802: 0 2 0
0803: 1 0 4
0804: 0 2 1
0805: 0 2 2
0806: 3 4 0
0807: 0 2 1
0808: 0 2 0
0809: 1 0 3
0810: 0 2 1
0811: 0 2 2
0812: 2 3 1
0813: 0 2 1
0814: 0 2 0
0815: 1 0 4
0816: 0 2 1
0817: 0 2 2
0818: 2 3 2
0819: 0 2 1
0820: 0 2 0
0821: 1 0 3
0822: 0 2 1
0823: 0 2 2
0824: 2 3 3
0825: 0 2 1
0826: 0 2 0
0827: 1 0 4
0828: 0 2 1
0829: 0 2 2
0830: 2 3 4
0831: 0 2 1
0832: 0 2 0
0833: 1 0 3
0834: 0 2 1
0835: 0 2 2
0836: 4 5 1
0837: 0 2 1
0838: 0 2 0
0839: 1 0 4
0840: 0 2 1
0841: 0 2 2
0842: 2 3 3
0843: 0 2 1
0844: 0 2 0
0845: 1 0 3
0846: 0 2 1
0847: 0 2 2
0848: 2 3 2
0849: 0 2 1
0850: 0 2 0
0851: 1 0 4
0852: 0 2 1
0853: 0 2 2
0854: 2 3 1
0855: 0 2 1
0856: 0 2 0
0857: 1 0 3
0858: 0 2 1
0859: 0 2 2
0860: 2 3 0
0861: 0 2 1
0862: 0 2 0
0863: 1 0 4
0864: 0 2 1
0865: 0 2 2
0866: 3 4 1
0867: 0 2 1
0868: 0 2 0
0869: 1 0 3
0870: 0 2 1
0871: 0 2 2
0872: 2 3 1
0873: 0 2 1
0874: 0 2 0
0875: 1 0 4
0876: 0 2 1
0877: 0 2 2
0878: 2 3 2
0879: 0 2 1
0880: 0 2 0
0881: 1 0 3
0882: 0 2 1
0883: 0 2 2
0884: 2 3 3
0885: 0 2 1
0886: 0 2 0
0887: 1 0 4
0888: 0 2 1
0889: 0 2 2
0890: 2 3 4
0891: 0 2 1
0892: 0 2 0
0893: 1 0 3
0894: 0 2 1
0895: 0 2 2
0896: 4 5 2
0897: 0 2 1
0898: 0 2 0
0899: 1 0 4
0900: 0 2 1
0901: 0 2 2
0902: 2 3 3
0903: 0 2 1
0904: 0 2 0
0905: 1 0 3
0906: 0 2 1
0907: 0 2 2
0908: 2 3 2
0909: 0 2 1
0910: 0 2 0
0911: 1 0 4
0912: 0 2 1
0913: 0 2 2
0914: 2 3 1
0915: 0 2 1
0916: 0 2 0
0917: 1 0 3
0918: 0 2 1
0919: 0 2 2
0920: 2 3 0
0921: 0 2 1
0922: 0 2 0
0923: 1 0 4
0924: 0 2 1
0925: 0 2 2
0926: 3 4 0
0927: 0 2 1
0928: 0 2 0
0929: 1 0 3
0930: 0 2 1
0931: 0 2 2
0932: 2 3 1
0933: 0 2 1
0934: 0 2 0
0935: 1 0 4
0936: 0 2 1
0937: 0 2 2
0938: 2 3 2
0939: 0 2 1
0940: 0 2 0
0941: 1 0 3
0942: 0 2 1
0943: 0 2 2
0944: 2 3 3
0945: 0 2 1
0946: 0 2 0
0947: 1 0 4
0948: 0 2 1
0949: 0 2 2
0950: 2 3 4
0951: 0 2 1
0952: 0 2 0
0953: 1 0 3
0954: 0 2 1
0955: 0 2 2
0956: 5 1 0
0957: 0 2 1
0958: 1 0 4
0959: 0 2 2
0960: 2 3 3
0961: 0 2 1
0962: 1 0 3
0963: 0 2 2
0964: 2 3 2
0965: 0 2 1
0966: 1 0 4
0967: 0 2 2
0968: 2 3 1
0969: 0 2 1
0970: 1 0 3
0971: 0 2 2
0972: 2 3 0
0973: 0 2 1
0974: 1 0 4
0975: 0 2 2
0976: 3 4 1
0977: 0 2 1
0978: 1 0 3
0979: 0 2 2
0980: 2 3 1
0981: 0 2 1
0982: 1 0 4
0983: 0 2 2
0984: 2 3 2
0985: 0 2 1
0986: 1 0 3
0987: 0 2 2
0988: 2 3 3
0989: 0 2 1
0990: 1 0 4
0991: 0 2 2
0992: 2 3 4
0993: 0 2 1
0994: 1 0 3
0995: 0 2 2
0996: 4 5 1
0997: 0 2 1
0998: 1 0 4
0999: 0 2 2
1000: 2 3 3
1001: 0 2 1
1002: 1 0 3
1003: 0 2 2
1004: 2 3 2
1005: 0 2 1
1006: 1 0 4
1007: 0 2 2
1008: 2 3 1
1009: 0 2 1
1010: 1 0 3
1011: 0 2 2
1012: 2 3 0
1013: 0 2 1
1014: 1 0 4
1015: 0 2 2
1016: 3 4 0
1017: 0 2 1
1018: 1 0 3
1019: 0 2 2
1020: 2 3 1
1021: 0 2 1
1022: 1 0 4
1023: 0 2 2
1024: 2 3 2
1025: 0 2 1
1026: 1 0 3
1027: 0 2 2
1028: 2 3 3
1029: 0 2 1
1030: 1 0 4
1031: 0 2 2
1032: 2 3 4
1033: 0 2 1
1034: 1 0 3
1035: 0 2 2
1036: 4 5 0
1037: 0 2 1
1038: 1 0 4
1039: 0 2 2
1040: 2 3 3
1041: 0 2 1
1042: 1 0 3
1043: 0 2 2
1044: 2 3 2
1045: 0 2 1
1046: 1 0 4
1047: 0 2 2
1048: 2 3 1
1049: 0 2 1
1050: 1 0 3
1051: 0 2 2
1052: 2 3 0
1053: 0 2 1
1054: 1 0 4
1055: 0 2 2
1056: 3 4 1
1057: 0 2 1
1058: 1 0 3
1059: 0 2 2
1060: 2 3 1
1061: 0 2 1
1062: 1 0 4
1063: 0 2 2
1064: 2 3 2
1065: 0 2 1
1066: 1 0 3
1067: 0 2 2
1068: 2 3 3
1069: 0 2 1
1070: 1 0 4
1071: 0 2 2
1072: 2 3 4
1073: 0 2 1
1074: 1 0 3
1075: 0 2 2
1076: 5 2 0
1077: 0 2 1
1078: 1 0 4
1079: 0 2 2
1080: 2 3 3
1081: 0 2 1
1082: 1 0 3
1083: 0 2 2
1084: 2 3 2
1085: 0 2 1
1086: 1 0 4
1087: 0 2 2
1088: 2 3 1
1089: 0 2 1
1090: 1 0 3
1091: 0 2 2
1092: 3 4 0
1093: 0 2 1
1094: 1 0 4
1095: 0 2 2
1096: 2 3 2
1097: 0 2 1
1098: 1 0 3
1099: 0 2 2
1100: 2 3 3
1101: 0 2 1
1102: 1 0 4
1103: 0 2 2
1104: 2 3 4
1105: 0 2 1
1106: 1 0 3
1107: 0 2 2
1108: 4 5 1
1109: 0 2 1
1110: 1 0 4
1111: 0 2 2
1112: 2 3 3
1113: 0 2 1
1114: 1 0 3
1115: 0 2 2
1116: 2 3 2
1117: 0 2 1
1118: 1 0 4
1119: 0 2 2
1120: 2 3 1
1121: 0 2 1
1122: 1 0 3
1123: 0 2 2
1124: 3 4 1
1125: 0 2 1
1126: 1 0 4
1127: 0 2 2
1128: 2 3 2
1129: 0 2 1
1130: 1 0 3
1131: 0 2 2
1132: 2 3 3
1133: 0 2 1
1134: 1 0 4
1135: 0 2 2
1136: 2 3 4
1137: 0 2 1
1138: 1 0 3
1139: 0 2 2
1140: 4 5 2
1141: 0 2 1
1142: 1 0 4
1143: 0 2 2
1144: 2 3 3
1145: 0 2 1
1146: 1 0 3
1147: 0 2 2
1148: 2 3 2
1149: 0 2 1
1150: 1 0 4
1151: 0 2 2
1152: 2 3 1
1153: 0 2 1
1154: 1 0 3
1155: 0 2 2
1156: 3 4 0
1157: 0 2 1
1158: 1 0 4
1159: 0 2 2
1160: 2 3 2
1161: 0 2 1
1162: 1 0 3
1163: 0 2 2
1164: 9 3 4
1165: 0 2 1
1166: 1 0 4
1167: 0 2 2
1168: 2 3 1
1169: 0 2 1
1170: 1 0 3
1171: 0 2 2
1172: 3 4 1
1173: 0 2 1
1174: 1 0 4
1175: 0 2 2
1176: 2 3 2
1177: 0 2 1
1178: 1 0 3
1179: 0 2 2
1180: 4 5 1
1181: 0 2 1
1182: 1 0 4
1183: 0 2 2
1184: 2 3 1
1185: 0 2 1
1186: 1 0 3
1187: 0 2 2
1188: 3 4 0
1189: 0 2 1
1190: 1 0 4
1191: 0 2 2
1192: 2 3 2
1193: 0 2 1
1194: 1 0 3
1195: 0 2 2
1196: 4 5 0
1197: 0 2 1
1198: 1 0 4
1199: 0 2 2
1200: 2 3 1
1201: 0 2 1
1202: 1 0 3
1203: 0 2 2
1204: 3 4 1
1205: 0 2 1
1206: 1 0 4
1207: 0 2 2
1208: 2 3 2
1209: 0 2 1
1210: 1 0 3
1211: 0 2 2
1212: 5 1 0
1213: 0 2 1
1214: 1 0 4
1215: 0 2 2
1216: 2 3 1
1217: 0 2 1
1218: 1 0 3
1219: 0 2 2
1220: 2 3 0
1221: 0 2 1
1222: 1 0 4
1223: 0 2 2
1224: 3 4 0
1225: 0 2 1
1226: 1 0 3
1227: 0 2 2
1228: 2 3 1
1229: 0 2 1
1230: 1 0 4
1231: 0 2 2
1232: 2 3 2
1233: 0 2 1
1234: 1 0 3
1235: 0 2 2
1236: 4 5 1
1237: 0 2 1
1238: 1 0 4
1239: 0 2 2
1240: 2 3 1
1241: 0 2 1
1242: 1 0 3
1243: 0 2 2
1244: 2 3 0
1245: 0 2 1
1246: 1 0 4
1247: 0 2 2
1248: 3 4 1
1249: 0 2 1
1250: 1 0 3
1251: 0 2 2
1252: 2 3 1
1253: 0 2 1
1254: 1 0 4
1255: 0 2 2
1256: 2 3 2
1257: 0 2 1
1258: 1 0 3
1259: 0 2 2
1260: 4 5 2
1261: 0 2 1
1262: 1 0 4
1263: 0 2 2
1264: 2 3 1
1265: 0 2 1
1266: 1 0 3
1267: 0 2 2
1268: 2 3 0
1269: 0 2 1
1270: 1 0 4
1271: 0 2 2
1272: 3 4 0
1273: 0 2 1
1274: 1 0 3
1275: 0 2 2
1276: 2 3 1
1277: 0 2 1
1278: 1 0 4
1279: 0 2 2
1280: 2 3 2
1281: 0 2 1
1282: 1 0 3
1283: 0 2 2
1284: 4 5 3
1285: 0 2 1
1286: 1 0 4
1287: 0 2 2
1288: 2 3 1
1289: 0 2 1
1290: 1 0 3
1291: 0 2 2
1292: 2 3 0
1293: 0 2 1
1294: 1 0 4
1295: 0 2 2
1296: 3 4 1
1297: 0 2 1
1298: 1 0 3
1299: 0 2 2
1300: 2 3 1
1301: 0 2 1
1302: 1 0 4
1303: 0 2 2
1304: 2 3 2
1305: 0 2 1
1306: 1 0 3
1307: 0 2 2
1308: 4 5 4
1309: 0 2 1
1310: 1 0 4
1311: 0 2 2
1312: 2 3 1
1313: 0 2 1
1314: 1 0 3
1315: 0 2 2
1316: 2 3 0
1317: 0 2 1
1318: 1 0 4
1319: 0 2 2
1320: 3 4 0
1321: 0 2 1
1322: 1 0 3
1323: 0 2 2
1324: 2 3 1
1325: 0 2 1
1326: 1 0 4
1327: 0 2 2
1328: 2 3 2
1329: 0 2 1
1330: 1 0 3
1331: 0 2 2
1332: 5 0 0
1333: 0 2 1
1334: 0 2 0
1335: 1 0 4
1336: 0 2 1
1337: 0 2 2
1338: 2 3 1
1339: 0 2 1
1340: 0 2 0
1341: 1 0 3
1342: 0 2 1
1343: 0 2 2
1344: 2 3 0
1345: 0 2 1
1346: 0 2 0
1347: 1 0 4
1348: 0 2 1
1349: 0 2 2
1350: 3 4 1
1351: 0 2 1
1352: 0 2 0
1353: 1 0 3
1354: 0 2 1
1355: 0 2 2
1356: 2 3 1
1357: 0 2 1
1358: 0 2 0
1359: 1 0 4
1360: 0 2 1
1361: 0 2 2
1362: 2 3 2
1363: 0 2 1
1364: 0 2 0
1365: 1 0 3
1366: 0 2 1
1367: 0 2 2
1368: 4 5 3
1369: 0 2 1
1370: 0 2 0
1371: 1 0 4
1372: 0 2 1
1373: 0 2 2
1374: 2 3 1
1375: 0 2 1
1376: 0 2 0
1377: 1 0 3
1378: 0 2 1
1379: 0 2 2
1380: 2 3 0
1381: 0 2 1
1382: 0 2 0
1383: 1 0 4
1384: 0 2 1
1385: 0 2 2
1386: 3 4 0
1387: 0 2 1
1388: 0 2 0
1389: 1 0 3
1390: 0 2 1
1391: 0 2 2
1392: 2 3 1
1393: 0 2 1
1394: 0 2 0
1395: 1 0 4
1396: 0 2 1
1397: 0 2 2
1398: 2 3 2
1399: 0 2 1
1400: 0 2 0
1401: 1 0 3
1402: 0 2 1
1403: 0 2 2
1404: 4 5 2
1405: 0 2 1
1406: 0 2 0
1407: 1 0 4
1408: 0 2 1
1409: 0 2 2
1410: 2 3 1
1411: 0 2 1
1412: 0 2 0
1413: 1 0 3
1414: 0 2 1
1415: 0 2 2
1416: 2 3 0
1417: 0 2 1
1418: 0 2 0
1419: 1 0 4
1420: 0 2 1
1421: 0 2 2
1422: 3 4 1
1423: 0 2 1
1424: 0 2 0
1425: 1 0 3
1426: 0 2 1
1427: 0 2 2
1428: 2 3 1
1429: 0 2 1
1430: 0 2 0
1431: 1 0 4
1432: 0 2 1
1433: 0 2 2
1434: 2 3 2
1435: 0 2 1
1436: 0 2 0
1437: 1 0 3
1438: 0 2 1
1439: 0 2 2
1440: 4 5 1
1441: 0 2 1
1442: 0 2 0
1443: 1 0 4
1444: 0 2 1
1445: 0 2 2
1446: 2 3 1
1447: 0 2 1
1448: 0 2 0
1449: 1 0 3
1450: 0 2 1
1451: 0 2 2
1452: 2 3 0
1453: 0 2 1
1454: 0 2 0
1455: 1 0 4
1456: 0 2 1
1457: 0 2 2
1458: 3 4 0
1459: 0 2 1
1460: 0 2 0
1461: 1 0 3
1462: 0 2 1
1463: 0 2 2
1464: 2 3 1
1465: 0 2 1
1466: 0 2 0
1467: 1 0 4
1468: 0 2 1
1469: 0 2 2
1470: 2 3 2
1471: 0 2 1
1472: 0 2 0
1473: 1 0 3
1474: 0 2 1
1475: 0 2 2
1476: 4 5 0
1477: 0 2 1
1478: 0 2 0
1479: 1 0 4
1480: 0 2 1
1481: 0 2 2
1482: 2 3 1
1483: 0 2 1
1484: 0 2 0
1485: 1 0 3
1486: 0 2 1
1487: 0 2 2
1488: 2 3 0
1489: 0 2 1
1490: 0 2 0
1491: 1 0 4
1492: 0 2 1
1493: 0 2 2
1494: 3 4 1
1495: 0 2 1
1496: 0 2 0
1497: 1 0 3
1498: 0 2 1
1499: 0 2 2
1500: 2 3 1
1501: 0 2 1
1502: 0 2 0
1503: 1 0 4
1504: 0 2 1
1505: 0 2 2
1506: 2 3 2
1507: 0 2 1
1508: 0 2 0
1509: 1 0 3
1510: 0 2 1
1511: 0 2 2
1512: 6 1 1
1513: 1 0 4
1514: 2 3 1
1515: 1 0 3
1516: 2 3 0
1517: 1 0 4
1518: 3 4 0
1519: 1 0 3
1520: 2 3 1
1521: 1 0 4
1522: 2 3 2
1523: 1 0 3
1524: 4 5 1
1525: 1 0 4
1526: 2 3 1
1527: 1 0 3
1528: 2 3 0
1529: 1 0 4
1530: 3 4 1
1531: 1 0 3
1532: 2 3 1
1533: 1 0 4
1534: 2 3 2
1535: 1 0 3
1536: 4 5 2
1537: 1 0 4
1538: 2 3 1
1539: 1 0 3
1540: 2 3 0
1541: 1 0 4
1542: 3 4 0
1543: 1 0 3
1544: 2 3 1
1545: 1 0 4
1546: 2 3 2
1547: 1 0 3
1548: 4 5 3
1549: 1 0 4
1550: 2 3 1
1551: 1 0 3
1552: 2 3 0
1553: 1 0 4
1554: 3 4 1
1555: 1 0 3
1556: 2 3 1
1557: 1 0 4
1558: 2 3 2
1559: 1 0 3
1560: 4 5 4
1561: 1 0 4
1562: 2 3 1
1563: 1 0 3
1564: 2 3 0
1565: 1 0 4
1566: 3 4 0
1567: 1 0 3
1568: 2 3 1
1569: 1 0 4
1570: 2 3 2
1571: 1 0 3
1572: 5 1 0
1573: 1 0 4
1574: 2 3 1
1575: 1 0 3
1576: 2 3 0
1577: 1 0 4
1578: 3 4 1
1579: 1 0 3
1580: 2 3 1
1581: 1 0 4
1582: 2 3 2
1583: 1 0 3
1584: 4 5 3
1585: 1 0 4
1586: 2 3 1
1587: 1 0 3
1588: 2 3 0
1589: 1 0 4
1590: 3 4 0
1591: 1 0 3
1592: 2 3 1
1593: 1 0 4
1594: 2 3 2
1595: 1 0 3
1596: 4 5 2
1597: 1 0 4
1598: 2 3 1
1599: 1 0 3
1600: 2 3 0
1601: 1 0 4
1602: 3 4 1
1603: 1 0 3
1604: 2 3 1
1605: 1 0 4
1606: 2 3 2
1607: 1 0 3
1608: 4 5 1
1609: 1 0 4
1610: 2 3 1
1611: 1 0 3
1612: 2 3 0
1613: 1 0 4
1614: 3 4 0
1615: 1 0 3
1616: 2 3 1
1617: 1 0 4
1618: 2 3 2
1619: 1 0 3
1620: 4 5 0
1621: 1 0 4
1622: 2 3 1
1623: 1 0 3
1624: 2 3 0
1625: 1 0 4
1626: 3 4 1
1627: 1 0 3
1628: 2 3 1
1629: 1 0 4
1630: 2 3 2
1631: 1 0 3
1632: 5 2 0
1633: 1 0 4
1634: 2 3 1
1635: 1 0 3
1636: 3 4 0
1637: 1 0 4
1638: 2 3 2
1639: 1 0 3
1640: 4 5 1
1641: 1 0 4
1642: 2 3 1
1643: 1 0 3
1644: 3 4 1
1645: 1 0 4
1646: 2 3 2
1647: 1 0 3
1648: 4 5 2
1649: 1 0 4
1650: 2 3 1
1651: 1 0 3
1652: 3 4 0
1653: 1 0 4
1654: 2 3 2
1655: 1 0 3
1656: 4 5 3
1657: 1 0 4
1658: 2 3 1
1659: 1 0 3
1660: 3 4 1
1661: 1 0 4
1662: 2 3 2
1663: 1 0 3
1664: 4 5 4
1665: 1 0 4
1666: 2 3 1
1667: 1 0 3
1668: 3 4 0
1669: 1 0 4
1670: 2 3 2
1671: 1 0 3
1672: 6 0 1
1673: 0 2 1
1674: 1 0 4
1675: 0 2 2
1676: 2 3 1
1677: 0 2 1
1678: 1 0 3
1679: 0 2 2
1680: 3 4 1
1681: 0 2 1
1682: 1 0 4
1683: 0 2 2
1684: 2 3 2
1685: 0 2 1
1686: 1 0 3
1687: 0 2 2
1688: 4 5 3
1689: 0 2 1
1690: 1 0 4
1691: 0 2 2
1692: 2 3 1
1693: 0 2 1
1694: 1 0 3
1695: 0 2 2
1696: 5 3 0
1697: 0 2 1
1698: 0 2 0
1699: 1 0 4
1700: 0 2 1
1701: 0 2 2
1702: 2 3 2
1703: 0 2 1
1704: 0 2 0
1705: 1 0 3
1706: 0 2 1
1707: 0 2 2
1708: 4 5 2
1709: 0 2 1
1710: 0 2 0
1711: 1 0 4
1712: 0 2 1
1713: 0 2 2
1714: 2 3 1
1715: 0 2 1
1716: 0 2 0
1717: 1 0 3
1718: 0 2 1
1719: 0 2 2
1720: 4 5 1
1721: 0 2 1
1722: 0 2 0
1723: 1 0 4
1724: 0 2 1
1725: 0 2 2
1726: 2 3 2
1727: 0 2 1
1728: 0 2 0
1729: 1 0 3
1730: 0 2 1
1731: 0 2 2
1732: 4 5 0
1733: 0 2 1
1734: 0 2 0
1735: 1 0 4
1736: 0 2 1
1737: 0 2 2
1738: 2 3 1
1739: 0 2 1
1740: 0 2 0
1741: 1 0 3
1742: 0 2 1
1743: 0 2 2
1744: 6 1 1
1745: 1 0 4
1746: 2 3 2
1747: 1 0 3
1748: 4 5 1
1749: 1 0 4
1750: 2 3 1
1751: 1 0 3
1752: 4 5 2
1753: 1 0 4
1754: 2 3 2
1755: 1 0 3
1756: 4 5 3
1757: 1 0 4
1758: 2 3 1
1759: 1 0 3
1760: 4 5 4
1761: 1 0 4
1762: 2 3 2
1763: 1 0 3
1764: 5 4 0
1765: 1 0 4
1766: 2 3 1
1767: 1 0 3
1768: 2 3 0
1769: 1 0 4
1770: 4 5 3
1771: 1 0 3
1772: 2 3 1
1773: 1 0 4
1774: 2 3 2
1775: 1 0 3
1776: 4 5 2
1777: 1 0 4
1778: 2 3 1
1779: 1 0 3
1780: 2 3 0
1781: 1 0 4
1782: 4 5 1
1783: 1 0 3
1784: 2 3 1
1785: 1 0 4
1786: 2 3 2
1787: 1 0 3
1788: 6 0 1
1789: 0 2 1
1790: 0 2 0
1791: 1 0 4
1792: 0 2 1
1793: 0 2 2
1794: 2 3 1
1795: 0 2 1
1796: 0 2 0
1797: 1 0 3
1798: 0 2 1
1799: 0 2 2
1800: 2 3 0
1801: 0 2 1
1802: 0 2 0
1803: 1 0 4
1804: 0 2 1
1805: 0 2 2
1806: 4 5 2
1807: 0 2 1
1808: 0 2 0
1809: 1 0 3
1810: 0 2 1
1811: 0 2 2
1812: 2 3 1
1813: 0 2 1
1814: 0 2 0
1815: 1 0 4
1816: 0 2 1
1817: 0 2 2
1818: 2 3 2
1819: 0 2 1
1820: 0 2 0
1821: 1 0 3
1822: 0 2 1
1823: 0 2 2
1824: 4 5 3
1825: 0 2 1
1826: 0 2 0
1827: 1 0 4
1828: 0 2 1
1829: 0 2 2
1830: 2 3 1
1831: 0 2 1
1832: 0 2 0
1833: 1 0 3
1834: 0 2 1
1835: 0 2 2
1836: 2 3 0
1837: 0 2 1
1838: 0 2 0
1839: 1 0 4
1840: 0 2 1
1841: 0 2 2
1842: 4 5 4
1843: 0 2 1
1844: 0 2 0
1845: 1 0 3
1846: 0 2 1
1847: 0 2 2
1848: 2 3 1
1849: 0 2 1
1850: 0 2 0
1851: 1 0 4
1852: 0 2 1
1853: 0 2 2
1854: 2 3 2
1855: 0 2 1
1856: 0 2 0
1857: 1 0 3
1858: 0 2 1
1859: 0 2 2
1860: 5 3 0
1861: 0 2 1
1862: 0 2 0
1863: 1 0 4
1864: 0 2 1
1865: 0 2 2
1866: 2 3 1
1867: 0 2 1
1868: 0 2 0
1869: 1 0 3
1870: 7 1 2
1871: 1 0 2
1872: 2 3 2
1873: 1 0 3
1874: 1 0 4
1875: 2 3 1
1876: 4 5 3
1877: 1 0 3
1878: 1 0 2
1879: 2 3 2
1880: 1 0 3
1881: 1 0 4
1882: 4 5 2
1883: 1 0 3
1884: 1 0 2
1885: 2 3 1
1886: 1 0 3
1887: 1 0 4
1888: 4 5 1
1889: 1 0 3
1890: 1 0 2
1891: 2 3 2
1892: 1 0 3
1893: 1 0 4
1894: 4 5 0
1895: 1 0 3
1896: 1 0 2
1897: 2 3 1
1898: 1 0 3
1899: 1 0 4
1900: 9 4 4
1901: 1 0 3
1902: 1 0 2
1903: 2 3 2
1904: 1 0 3
1905: 1 0 4
1906: 2 3 3
1907: 1 0 3
1908: 1 0 2
1909: 2 3 4
1910: 1 0 3
1911: 1 0 4
1912: 4 5 1
1913: 1 0 3
1914: 1 0 2
1915: 2 3 3
1916: 1 0 3
1917: 1 0 4
1918: 2 3 2
1919: 1 0 3
1920: 1 0 2
1921: 2 3 1
1922: 1 0 3
1923: 1 0 4
1924: 4 5 2
1925: 1 0 3
1926: 1 0 2
1927: 2 3 2
1928: 1 0 3
1929: 1 0 4
1930: 2 3 3
1931: 1 0 3
1932: 1 0 2
1933: 2 3 4
1934: 1 0 3
1935: 1 0 4
1936: 5 4 0
1937: 1 0 3
1938: 1 0 2
1939: 2 3 3
1940: 1 0 3
1941: 1 0 4
1942: 2 3 2
1943: 1 0 3
1944: 1 0 2
1945: 2 3 1
1946: 1 0 3
1947: 1 0 4
1948: 2 3 0
1949: 1 0 3
1950: 1 0 2
1951: 4 5 1
1952: 1 0 3
1953: 1 0 4
1954: 2 3 1
1955: 1 0 3
1956: 1 0 2
1957: 2 3 2
1958: 1 0 3
1959: 1 0 4
1960: 2 3 3
1961: 1 0 3
1962: 1 0 2
1963: 2 3 4
1964: 1 0 3
1965: 1 0 4
1966: 7 2 2
1967: 1 0 3
1968: 1 0 2
1969: 2 3 3
1970: 1 0 3
1971: 1 0 4
1972: 4 5 2
1973: 1 0 3
1974: 1 0 2
1975: 2 3 4
1976: 1 0 3
1977: 1 0 4
1978: 5 3 0
1979: 1 0 3
1980: 1 0 2
1981: 2 3 3
1982: 1 0 3
1983: 1 0 4
1984: 4 5 1
1985: 1 0 3
1986: 1 0 2
1987: 2 3 4
1988: 1 0 3
1989: 1 0 4
1990: 4 5 0
1991: 1 0 3
1992: 1 0 2
1993: 2 3 3
1994: 8 0 4
1995: 2 3 4
1996: 4 5 1
1997: 2 3 3
1998: 4 5 2
1999: 2 3 4
2000: 5 4 0
2001: 2 3 3
2002: 4 5 1
2003: 2 3 4
2004: 7 1 2
2005: 2 3 3
2006: 2 3 2
2007: 2 3 1
2008: 2 3 0
2009: 4 5 2
2010: 2 3 1
2011: 2 3 2
2012: 2 3 3
2013: 2 3 4
2014: 5 3 0
2015: 2 3 3
2016: 2 3 2
2017: 2 3 1
2018: 4 5 1
2019: 2 3 2
2020: 2 3 3
2021: 2 3 4
2022: 4 5 0
2023: 2 3 3
2024: 2 3 2
2025: 2 3 1
2026: 9 3 4
2027: 2 3 2
2028: 4 5 1
2029: 2 3 1
2030: 4 5 2
2031: 2 3 2
2032: 4 5 3
2033: 2 3 1
2034: 4 5 4
2035: 2 3 2
2036: 5 4 0
2037: 2 3 1
2038: 2 3 0
2039: 4 5 3
2040: 2 3 1
2041: 2 3 2
2042: 4 5 2
2043: 2 3 1
2044: 2 3 0
2045: 4 5 1
2046: 2 3 1
2047: 2 3 2
2048: 8 1 4
2049: 1 0 3
2050: 1 0 4
2051: 2 3 1
2052: 1 0 3
2053: 1 0 2
2054: 2 3 0
2055: 1 0 3
2056: 1 0 4
2057: 4 5 2
2058: 1 0 3
2059: 1 0 2
2060: 2 3 1
2061: 1 0 3
2062: 1 0 4
2063: 2 3 2
2064: 1 0 3
2065: 1 0 2
2066: 4 5 3
2067: 1 0 3
2068: 1 0 4
2069: 2 3 1
2070: 1 0 3
2071: 1 0 2
2072: 2 3 0
2073: 1 0 3
2074: 1 0 4
2075: 4 5 4
2076: 1 0 3
2077: 1 0 2
2078: 7 2 2
2079: 1 0 3
2080: 1 0 4
2081: 4 5 3
2082: 1 0 3
2083: 1 0 2
2084: 4 5 2
2085: 1 0 3
2086: 1 0 4
2087: 4 5 1
2088: 1 0 3
2089: 1 0 2
2090: 8 0 4
2091: 4 5 2
2092: 4 5 3
2093: 4 5 4
2094: 9 2 4
2095: 3 4 2
2096: 3 4 3
2097: 4 5 3
2098: 3 4 2
2099: 3 4 1
2100: 4 5 2
2101: 3 4 2
2102: 3 4 3
2103: 4 5 1
2104: 7 3 2
2105: 0 2 1
2106: 0 2 2
2107: 4 5 2
2108: 0 2 1
2109: 0 2 0
2110: 4 5 3
2111: 0 2 1
2112: 0 2 2
2113: 4 5 4
2114: 0 2 1
2115: 0 2 0
2116: 7 4 2
2117: 0 2 1
2118: 0 2 2
2119: 2 3 1
2120: 0 2 1
2121: 0 2 0
2122: 2 3 2
2123: 0 2 1
2124: 0 2 2
2125: 4 5 3
2126: 0 2 1
2127: 0 2 0
2128: 2 3 1
2129: 0 2 1
2130: 0 2 2
2131: 2 3 0
2132: 6 1 1
2133: 1 0 1
2134: 1 0 0
2135: 2 3 1
2136: 1 0 1
2137: 1 0 2
2138: 2 3 2
2139: 1 0 1
2140: 1 0 0
2141: 4 5 4
2142: 1 0 1
2143: 1 0 2
2144: 2 3 1
2145: 1 0 1
2146: 1 0 0
2147: 5 3 0
2148: 1 0 1
2149: 1 0 2
2150: 2 3 2
2151: 1 0 1
2152: 1 0 0
2153: 4 5 3
2154: 1 0 1
2155: 1 0 2
2156: 2 3 1
2157: 1 0 1
2158: 1 0 0
2159: 5 2 0
2160: 1 0 1
2161: 1 0 2
2162: 2 3 2
2163: 1 0 1
2164: 1 0 0
2165: 4 5 4
2166: 1 0 1
2167: 1 0 2
2168: 2 3 1
2169: 1 0 1
2170: 1 0 0
2171: 5 1 0
2172: 1 0 1
2173: 1 0 2
2174: 2 3 0
2175: 1 0 1
2176: 1 0 0
2177: 4 5 3
2178: 1 0 1
2179: 1 0 2
2180: 2 3 1
2181: 1 0 1
2182: 1 0 0
2183: 2 3 2
2184: 1 0 1
2185: 1 0 2
2186: 4 5 4
2187: 1 0 1
2188: 1 0 0
2189: 6 2 1
2190: 1 0 1
2191: 1 0 2
2192: 4 5 3
2193: 1 0 1
2194: 1 0 0
2195: 5 2 0
2196: 1 0 1
2197: 1 0 2
2198: 4 5 4
2199: 1 0 1
2200: 1 0 0
2201: 5 3 0
2202: 1 0 1
2203: 1 0 2
2204: 4 5 3
2205: 1 0 1
2206: 1 0 0
2207: 5 4 0
2208: 1 0 1
2209: 1 0 2
2210: 4 5 4
2211: 1 0 1
2212: 1 0 0
2213: 6 3 1
2214: 0 2 1
2215: 0 2 0
2216: 1 0 1
2217: 0 2 1
2218: 0 2 2
2219: 1 0 2
2220: 0 2 1
2221: 0 2 0
2222: 4 5 3
2223: 0 2 1
2224: 0 2 2
2225: 1 0 1
2226: 0 2 1
2227: 0 2 0
2228: 1 0 0
2229: 0 2 1
2230: 0 2 2
2231: 5 3 0
2232: 0 2 1
2233: 0 2 0
2234: 1 0 1
2235: 0 2 1
2236: 0 2 2
2237: 1 0 2
2238: 0 2 1
2239: 0 2 0
2240: 4 5 4
2241: 0 2 1
2242: 0 2 2
2243: 1 0 1
2244: 0 2 1
2245: 0 2 0
2246: 1 0 0
2247: 0 2 1
2248: 0 2 2
2249: 5 2 0
2250: 0 2 1
2251: 1 0 1
2252: 0 2 2
2253: 1 0 2
2254: 0 2 1
2255: 4 5 3
2256: 0 2 2
2257: 1 0 1
2258: 0 2 1
2259: 1 0 0
2260: 0 2 2
2261: 5 1 0
2262: 0 2 1
2263: 1 0 1
2264: 0 2 2
2265: 1 0 2
2266: 0 2 1
2267: 4 5 4
2268: 0 2 2
2269: 1 0 1
2270: 0 2 1
2271: 1 0 0
2272: 0 2 2
2273: 6 4 1
2274: 0 2 1
2275: 1 0 1
2276: 0 2 2
2277: 1 0 2
2278: 0 2 1
2279: 2 3 1
2280: 0 2 2
2281: 1 0 1
2282: 0 2 1
2283: 1 0 0
2284: 0 2 2
2285: 2 3 0
2286: 0 2 1
2287: 1 0 1
2288: 0 2 2
2289: 1 0 2
2290: 0 2 1
2291: 4 5 3
2292: 0 2 2
2293: 1 0 1
2294: 0 2 1
2295: 1 0 0
2296: 0 2 2
2297: 2 3 1
2298: 0 2 1
2299: 1 0 1
2300: 0 2 2
2301: 1 0 2
2302: 0 2 1
2303: 2 3 2
2304: 0 2 2
2305: 1 0 1
2306: 0 2 1
2307: 1 0 0
2308: 0 2 2
2309: 5 2 0
2310: 0 2 1
2311: 1 0 1
2312: 0 2 2
2313: 1 0 2
2314: 0 2 1
2315: 2 3 1
2316: 0 2 2
2317: 1 0 1
2318: 0 2 1
2319: 1 0 0
2320: 0 2 2
2321: 4 5 4
2322: 0 2 1
2323: 1 0 1
2324: 0 2 2
2325: 1 0 2
2326: 0 2 1
2327: 2 3 2
2328: 0 2 2
2329: 1 0 1
2330: 0 2 1
2331: 1 0 0
2332: 0 2 2
2333: 5 3 0
2334: 0 2 1
2335: 0 2 0
2336: 1 0 1
2337: 0 2 1
2338: 0 2 2
2339: 1 0 2
2340: 0 2 1
2341: 0 2 0
2342: 2 3 1
2343: 0 2 1
2344: 0 2 2
2345: 1 0 1
2346: 0 2 1
2347: 0 2 0
2348: 1 0 0
2349: 0 2 1
2350: 0 2 2
2351: 4 5 3
2352: 0 2 1
2353: 0 2 0
2354: 1 0 1
2355: 0 2 1
2356: 0 2 2
2357: 1 0 2
2358: 0 2 1
2359: 0 2 0
2360: 2 3 2
2361: 0 2 1
2362: 0 2 2
2363: 1 0 1
2364: 0 2 1
2365: 0 2 0
2366: 1 0 0
2367: 0 2 1
2368: 0 2 2
2369: 5 4 0
2370: 0 2 1
2371: 0 2 0
2372: 1 0 1
2373: 0 2 1
2374: 0 2 2
2375: 1 0 2
2376: 0 2 1
2377: 0 2 0
2378: 2 3 1
2379: 0 2 1
2380: 0 2 2
2381: 1 0 1
2382: 0 2 1
2383: 0 2 0
2384: 1 0 0
2385: 0 2 1
2386: 0 2 2
2387: 2 3 0
2388: 0 2 1
2389: 0 2 0
2390: 1 0 1
2391: 0 2 1
2392: 0 2 2
2393: 1 0 2
2394: 0 2 1
2395: 0 2 0
2396: 4 5 4
2397: 0 2 1
2398: 0 2 2
2399: 1 0 1
2400: 0 2 1
2401: 0 2 0
2402: 1 0 0
2403: 0 2 1
2404: 0 2 2
2405: 7 3 2
2406: 0 2 1
2407: 0 2 0
2408: 1 0 1
2409: 0 2 1
2410: 0 2 2
2411: 1 0 2
2412: 0 2 1
2413: 0 2 0
2414: 4 5 3
2415: 0 2 1
2416: 0 2 2
2417: 1 0 1
2418: 0 2 1
2419: 0 2 0
2420: 1 0 0
2421: 0 2 1
2422: 0 2 2
2423: 4 5 2
2424: 0 2 1
2425: 0 2 0
2426: 1 0 1
2427: 0 2 1
2428: 0 2 2
2429: 1 0 2
2430: 0 2 1
2431: 0 2 0
2432: 7 2 2
2433: 1 0 1
2434: 1 0 0
2435: 3 4 2
2436: 1 0 1
2437: 1 0 2
2438: 4 5 3
2439: 1 0 1
2440: 1 0 0
2441: 3 4 3
2442: 1 0 1
2443: 1 0 2
2444: 4 5 4
2445: 1 0 1
2446: 1 0 0
2447: 3 4 2
2448: 1 0 1
2449: 1 0 2
2450: 7 1 2
2451: 1 0 1
2452: 1 0 0
2453: 2 3 1
2454: 1 0 1
2455: 1 0 2
2456: 2 3 2
2457: 1 0 1
2458: 1 0 0
2459: 3 4 3
2460: 1 0 1
2461: 1 0 2
2462: 2 3 1
2463: 1 0 1
2464: 1 0 0
2465: 2 3 0
2466: 1 0 1
2467: 1 0 2
2468: 4 5 3
2469: 1 0 1
2470: 1 0 0
2471: 2 3 1
2472: 1 0 1
2473: 1 0 2
2474: 2 3 2
2475: 1 0 1
2476: 1 0 0
2477: 3 4 2
2478: 1 0 1
2479: 1 0 2
2480: 2 3 1
2481: 1 0 1
2482: 1 0 0
2483: 2 3 0
2484: 1 0 1
2485: 1 0 2
2486: 4 5 2
2487: 1 0 1
2488: 1 0 0
2489: 2 3 1
2490: 1 0 1
2491: 1 0 2
2492: 2 3 2
2493: 1 0 1
2494: 1 0 0
2495: 3 4 3
2496: 1 0 1
2497: 1 0 2
2498: 2 3 1
2499: 1 0 1
2500: 1 0 0
2501: 2 3 0
2502: 7 0 2
2503: 0 2 1
2504: 0 2 2
2505: 2 3 1
2506: 0 2 1
2507: 0 2 0
2508: 2 3 2
2509: 0 2 1
2510: 0 2 2
2511: 3 4 2
2512: 0 2 1
2513: 0 2 0
2514: 2 3 1
2515: 0 2 1
2516: 0 2 2
2517: 2 3 0
2518: 0 2 1
2519: 0 2 0
2520: 4 5 3
2521: 0 2 1
2522: 0 2 2
2523: 2 3 1
2524: 0 2 1
2525: 0 2 0
2526: 2 3 2
2527: 0 2 1
2528: 0 2 2
2529: 3 4 3
2530: 0 2 1
2531: 0 2 0
2532: 2 3 1
2533: 0 2 1
2534: 0 2 2
2535: 2 3 0
2536: 0 2 1
2537: 0 2 0
2538: 4 5 4
2539: 0 2 1
2540: 0 2 2
2541: 2 3 1
2542: 0 2 1
2543: 0 2 0
2544: 2 3 2
2545: 0 2 1
2546: 0 2 2
2547: 3 4 2
2548: 0 2 1
2549: 0 2 0
2550: 2 3 1
2551: 0 2 1
2552: 0 2 2
2553: 5 3 0
2554: 0 2 1
2555: 0 2 0
2556: 2 3 2
2557: 0 2 1
2558: 0 2 2
2559: 3 4 3
2560: 0 2 1
2561: 0 2 0
2562: 2 3 1
2563: 0 2 1
2564: 0 2 2
2565: 4 5 3
2566: 0 2 1
2567: 0 2 0
2568: 2 3 2
2569: 0 2 1
2570: 0 2 2
2571: 3 4 2
2572: 0 2 1
2573: 0 2 0
2574: 2 3 1
2575: 0 2 1
2576: 0 2 2
2577: 4 5 2
2578: 0 2 1
2579: 0 2 0
2580: 2 3 2
2581: 0 2 1
2582: 0 2 2
2583: 3 4 3
2584: 0 2 1
2585: 0 2 0
2586: 2 3 1
2587: 0 2 1
2588: 0 2 2
2589: 5 2 0
2590: 0 2 1
2591: 2 3 2
2592: 0 2 2
2593: 3 4 2
2594: 0 2 1
2595: 2 3 1
2596: 0 2 2
2597: 4 5 3
2598: 0 2 1
2599: 2 3 2
2600: 0 2 2
2601: 3 4 3
2602: 0 2 1
2603: 2 3 1
2604: 0 2 2
2605: 4 5 4
2606: 0 2 1
2607: 2 3 2
2608: 0 2 2
2609: 3 4 2
2610: 0 2 1
2611: 2 3 1
2612: 0 2 2
2613: 5 1 0
2614: 0 2 1
2615: 2 3 0
2616: 0 2 2
2617: 3 4 3
2618: 0 2 1
2619: 2 3 1
2620: 0 2 2
2621: 2 3 2
2622: 0 2 1
2623: 3 4 2
2624: 0 2 2
2625: 4 5 3
2626: 0 2 1
2627: 2 3 1
2628: 0 2 2
2629: 2 3 0
2630: 0 2 1
2631: 3 4 3
2632: 0 2 2
2633: 2 3 1
2634: 0 2 1
2635: 2 3 2
2636: 0 2 2
2637: 4 5 2
2638: 0 2 1
2639: 2 3 1
2640: 0 2 2
2641: 2 3 0
2642: 0 2 1
2643: 3 4 2
2644: 0 2 2
2645: 2 3 1
2646: 0 2 1
2647: 2 3 2
2648: 0 2 2
2649: 6 3 1
2650: 0 2 1
2651: 3 4 3
2652: 0 2 2
2653: 4 5 1
2654: 0 2 1
2655: 3 4 2
2656: 0 2 2
2657: 4 5 0
2658: 0 2 1
2659: 3 4 3
2660: 0 2 2
2661: 5 2 0
2662: 0 2 1
2663: 3 4 2
2664: 0 2 2
2665: 4 5 1
2666: 0 2 1
2667: 3 4 3
2668: 0 2 2
2669: 4 5 2
2670: 0 2 1
2671: 3 4 2
2672: 0 2 2
2673: 4 5 3
2674: 0 2 1
2675: 3 4 3
2676: 0 2 2
2677: 4 5 4
2678: 0 2 1
2679: 3 4 2
2680: 0 2 2
2681: 5 1 0
2682: 0 2 1
2683: 3 4 3
2684: 0 2 2
2685: 4 5 3
2686: 0 2 1
2687: 3 4 2
2688: 0 2 2
2689: 6 2 1
2690: 3 4 1
2691: 3 4 0
2692: 4 5 2
2693: 3 4 1
2694: 3 4 2
2695: 3 4 3
2696: 4 5 1
2697: 3 4 2
2698: 3 4 1
2699: 3 4 0
2700: 4 5 0
2701: 3 4 1
2702: 3 4 2
2703: 3 4 3
2704: 5 2 0
2705: 3 4 2
2706: 3 4 1
2707: 3 4 0
2708: 4 5 1
2709: 3 4 1
2710: 3 4 2
2711: 3 4 3
2712: 4 5 2
2713: 3 4 2
2714: 3 4 1
2715: 3 4 0
2716: 4 5 3
2717: 3 4 1
2718: 3 4 2
2719: 3 4 3
2720: 4 5 4
2721: 3 4 2
2722: 3 4 1
2723: 3 4 0
2724: 5 1 0
2725: 3 4 1
2726: 3 4 2
2727: 3 4 3
2728: 4 5 3
2729: 6 1 1
2730: 2 3 1
2731: 2 3 0
2732: 3 4 2
2733: 2 3 1
2734: 2 3 2
2735: 3 4 1
2736: 2 3 1
2737: 2 3 0
2738: 3 4 0
2739: 2 3 1
2740: 2 3 2
2741: 4 5 2
2742: 2 3 1
2743: 2 3 0
2744: 3 4 1
2745: 2 3 1
2746: 2 3 2
2747: 3 4 2
2748: 2 3 1
2749: 2 3 0
2750: 3 4 3
2751: 2 3 1
2752: 2 3 2
2753: 4 5 1
2754: 2 3 1
2755: 2 3 0
2756: 3 4 2
2757: 2 3 1
2758: 2 3 2
2759: 3 4 1
2760: 2 3 1
2761: 2 3 0
2762: 3 4 0
2763: 2 3 1
2764: 2 3 2
2765: 4 5 0
2766: 2 3 1
2767: 2 3 0
2768: 3 4 1
2769: 2 3 1
2770: 2 3 2
2771: 3 4 2
2772: 2 3 1
2773: 2 3 0
2774: 3 4 3
2775: 2 3 1
2776: 2 3 2
2777: 5 2 0
2778: 2 3 1
2779: 3 4 2
2780: 2 3 2
2781: 3 4 1
2782: 2 3 1
2783: 3 4 0
2784: 2 3 2
2785: 4 5 1
2786: 2 3 1
2787: 3 4 1
2788: 2 3 2
2789: 3 4 2
2790: 2 3 1
2791: 3 4 3
2792: 2 3 2
2793: 4 5 2
2794: 2 3 1
2795: 3 4 2
2796: 2 3 2
2797: 3 4 1
2798: 2 3 1
2799: 3 4 0
2800: 2 3 2
2801: 4 5 3
2802: 2 3 1
2803: 3 4 1
2804: 2 3 2
2805: 3 4 2
2806: 2 3 1
2807: 3 4 3
2808: 2 3 2
2809: 4 5 4
2810: 2 3 1
2811: 3 4 2
2812: 2 3 2
2813: 3 4 1
2814: 2 3 1
2815: 3 4 0
2816: 2 3 2
2817: 5 1 0
2818: 2 3 1
2819: 2 3 0
2820: 3 4 1
2821: 2 3 1
2822: 2 3 2
2823: 9 3 4
2824: 0 2 3
2825: 0 2 4