Algorithm Performed: DFS
Time Elapsed: 1.67 sec
Expanded Nodes: 6188
Memory Usage at peak: 8.0725 MB
Solution Steps: 5911 steps

0001: 0 2 2
0002: 2 0 3
0003: 0 2 1
0004: 7 3 0
0005: 0 2 0
0006: 2 0 4
0007: 0 2 1
0008: 0 2 2
0009: 2 0 3
0010: 11 1 4
0011: 0 2 1
0012: 0 2 0
0013: 2 0 4
0014: 0 2 1
0015: 0 2 2
0016: 4 3 2
0017: 0 2 1
0018: 0 2 0
0019: 2 0 3
0020: 0 2 1
0021: 0 2 2
0022: 7 2 0
0023: 0 2 1
0024: 2 0 4
0025: 0 2 2
0026: 4 3 1
0027: 0 2 1
0028: 2 0 3
0029: 0 2 2
0030: 12 0 5
0031: 0 2 1
0032: 4 3 2
0033: 0 2 2
0034: 4 3 3
0035: 0 2 1
0036: 7 3 0
0037: 0 2 0
0038: 4 3 2
0039: 0 2 1
0040: 0 2 2
0041: 4 3 1
0042: 0 2 1
0043: 0 2 0
0044: 9 1 2
0045: 1 0 1
0046: 4 3 2
0047: 1 0 0
0048: 2 0 2
0049: 4 3 1
0050: 11 0 4
0051: 4 3 2
0052: 4 3 3
0053: 8 3 1
0054: 4 3 2
0055: 11 1 4
0056: 2 0 3
0057: 1 0 1
0058: 4 3 3
0059: 1 0 0
0060: 2 0 2
0061: 8 4 1
0062: 2 0 3
0063: 1 0 1
0064: 9 2 2
0065: 1 0 0
0066: 2 0 2
0067: 3 1 1
0068: 2 0 3
0069: 1 0 1
0070: 3 1 2
0071: 1 0 0
0072: 2 0 2
0073: 8 3 1
0074: 2 0 3
0075: 1 0 1
0076: 3 1 1
0077: 1 0 0
0078: 2 0 2
0079: 3 1 0
0080: 2 0 3
0081: 1 0 1
0082: 9 3 2
0083: 0 2 1
0084: 0 2 2
0085: 1 0 0
0086: 0 2 1
0087: 0 2 0
0088: 2 0 2
0089: 0 2 1
0090: 0 2 2
0091: 3 1 1
0092: 0 2 1
0093: 0 2 0
0094: 2 0 3
0095: 0 2 1
0096: 0 2 2
0097: 1 0 1
0098: 0 2 1
0099: 0 2 0
0100: 3 1 2
0101: 0 2 1
0102: 0 2 2
0103: 1 0 0
0104: 0 2 1
0105: 0 2 0
0106: 2 0 2
0107: 0 2 1
0108: 0 2 2
0109: 7 2 0
0110: 0 2 1
0111: 2 0 3
0112: 0 2 2
0113: 1 0 1
0114: 0 2 1
0115: 3 1 1
0116: 0 2 2
0117: 1 0 0
0118: 0 2 1
0119: 2 0 2
0120: 0 2 2
0121: 3 1 0
0122: 0 2 1
0123: 2 0 3
0124: 0 2 2
0125: 1 0 1
0126: 0 2 1
0127: 8 4 1
0128: 0 2 2
0129: 1 0 0
0130: 0 2 1
0131: 2 0 2
0132: 0 2 2
0133: 3 1 1
0134: 0 2 1
0135: 2 0 3
0136: 0 2 2
0137: 1 0 1
0138: 0 2 1
0139: 3 1 2
0140: 0 2 2
0141: 1 0 0
0142: 0 2 1
0143: 2 0 2
0144: 0 2 2
0145: 7 1 0
0146: 0 2 1
0147: 2 0 3
0148: 0 2 2
0149: 1 0 1
0150: 0 2 1
0151: 3 1 1
0152: 0 2 2
0153: 1 0 0
0154: 0 2 1
0155: 2 0 2
0156: 0 2 2
0157: 8 3 1
0158: 0 2 1
0159: 2 0 3
0160: 0 2 2
0161: 1 0 1
0162: 0 2 1
0163: 3 1 2
0164: 0 2 2
0165: 1 0 0
0166: 0 2 1
0167: 2 0 2
0168: 0 2 2
0169: 8 2 1
0170: 2 0 3
0171: 1 0 1
0172: 3 1 1
0173: 1 0 0
0174: 2 0 2
0175: 7 2 0
0176: 2 0 3
0177: 1 0 1
0178: 3 1 0
0179: 1 0 0
0180: 2 0 2
0181: 7 3 0
0182: 2 0 3
0183: 1 0 1
0184: 3 1 1
0185: 1 0 0
0186: 2 0 2
0187: 3 1 2
0188: 2 0 3
0189: 1 0 1
0190: 7 2 0
0191: 1 0 0
0192: 2 0 2
0193: 8 1 1
0194: 2 0 3
0195: 1 0 1
0196: 7 1 0
0197: 1 0 0
0198: 2 0 2
0199: 9 4 2
0200: 2 0 3
0201: 1 0 1
0202: 4 3 2
0203: 1 0 0
0204: 2 0 2
0205: 4 3 1
0206: 2 0 3
0207: 1 0 1
0208: 7 0 0
0209: 4 3 0
0210: 10 3 3
0211: 6 5 3
0212: 11 2 4
0213: 3 1 3
0214: 6 5 4
0215: 3 1 2
0216: 10 4 3
0217: 3 1 3
0218: 4 3 1
0219: 3 1 2
0220: 7 1 0
0221: 1 0 0
0222: 2 0 2
0223: 3 1 3
0224: 2 0 3
0225: 1 0 1
0226: 7 2 0
0227: 1 0 0
0228: 2 0 2
0229: 3 1 2
0230: 2 0 3
0231: 1 0 1
0232: 7 3 0
0233: 1 0 0
0234: 2 0 2
0235: 3 1 3
0236: 2 0 3
0237: 1 0 1
0238: 12 1 5
0239: 1 0 0
0240: 2 0 2
0241: 3 1 2
0242: 2 0 3
0243: 1 0 1
0244: 2 0 4
0245: 1 0 0
0246: 3 1 3
0247: 1 0 1
0248: 1 0 2
0249: 3 1 2
0250: 7 2 0
0251: 1 0 1
0252: 1 0 0
0253: 2 0 3
0254: 1 0 1
0255: 3 1 3
0256: 1 0 0
0257: 2 0 2
0258: 3 1 2
0259: 7 1 0
0260: 2 0 3
0261: 1 0 1
0262: 2 0 4
0263: 1 0 0
0264: 3 1 3
0265: 1 0 1
0266: 1 0 2
0267: 3 1 2
0268: 7 0 0
0269: 1 0 1
0270: 2 0 3
0271: 3 1 3
0272: 2 0 4
0273: 1 0 2
0274: 4 3 0
0275: 1 0 1
0276: 2 0 3
0277: 3 1 2
0278: 2 0 4
0279: 1 0 2
0280: 8 0 1
0281: 0 2 1
0282: 3 1 3
0283: 0 2 2
0284: 4 3 1
0285: 0 2 1
0286: 3 1 2
0287: 0 2 2
0288: 7 1 0
0289: 0 2 1
0290: 3 1 3
0291: 0 2 2
0292: 7 2 0
0293: 0 2 1
0294: 3 1 2
0295: 0 2 2
0296: 7 3 0
0297: 0 2 1
0298: 0 2 0
0299: 11 1 4
0300: 0 2 1
0301: 0 2 2
0302: 4 3 2
0303: 0 2 1
0304: 7 2 0
0305: 0 2 2
0306: 4 3 1
0307: 0 2 1
0308: 7 1 0
0309: 0 2 2
0310: 4 3 2
0311: 0 2 1
0312: 7 0 0
0313: 0 2 2
0314: 4 3 1
0315: 0 2 1
0316: 4 3 0
0317: 0 2 2
0318: 8 1 1
0319: 1 0 1
0320: 2 0 3
0321: 4 3 1
0322: 2 0 4
0323: 1 0 2
0324: 4 3 2
0325: 1 0 1
0326: 2 0 3
0327: 7 1 0
0328: 1 0 0
0329: 2 0 2
0330: 4 3 1
0331: 2 0 3
0332: 1 0 1
0333: 2 0 4
0334: 1 0 0
0335: 4 3 2
0336: 1 0 1
0337: 1 0 2
0338: 4 3 1
0339: 7 2 0
0340: 1 0 1
0341: 1 0 0
0342: 2 0 3
0343: 1 0 1
0344: 4 3 2
0345: 1 0 0
0346: 2 0 2
0347: 4 3 1
0348: 7 3 0
0349: 2 0 3
0350: 1 0 1
0351: 2 0 4
0352: 1 0 0
0353: 4 3 2
0354: 1 0 1
0355: 1 0 2
0356: 7 2 0
0357: 1 0 1
0358: 1 0 0
0359: 8 2 1
0360: 1 0 1
0361: 1 0 2
0362: 3 1 1
0363: 1 0 1
0364: 1 0 0
0365: 2 0 3
0366: 1 0 1
0367: 3 1 0
0368: 1 0 0
0369: 2 0 2
0370: 3 1 1
0371: 3 1 2
0372: 2 0 3
0373: 1 0 1
0374: 7 1 0
0375: 1 0 0
0376: 2 0 2
0377: 3 1 1
0378: 2 0 3
0379: 1 0 1
0380: 2 0 4
0381: 1 0 0
0382: 3 1 2
0383: 1 0 1
0384: 1 0 2
0385: 3 1 1
0386: 7 0 0
0387: 1 0 1
0388: 2 0 3
0389: 3 1 2
0390: 2 0 4
0391: 1 0 2
0392: 8 3 1
0393: 0 2 1
0394: 1 0 1
0395: 0 2 2
0396: 2 0 3
0397: 0 2 1
0398: 3 1 1
0399: 0 2 2
0400: 2 0 4
0401: 0 2 1
0402: 1 0 2
0403: 0 2 2
0404: 7 1 0
0405: 0 2 1
0406: 1 0 1
0407: 0 2 2
0408: 1 0 0
0409: 0 2 1
0410: 2 0 3
0411: 0 2 2
0412: 1 0 1
0413: 0 2 1
0414: 3 1 2
0415: 0 2 2
0416: 1 0 0
0417: 0 2 1
0418: 2 0 2
0419: 0 2 2
0420: 3 1 1
0421: 0 2 1
0422: 7 2 0
0423: 0 2 2
0424: 2 0 3
0425: 0 2 1
0426: 1 0 1
0427: 0 2 2
0428: 2 0 4
0429: 0 2 1
0430: 1 0 0
0431: 0 2 2
0432: 3 1 0
0433: 0 2 1
0434: 1 0 1
0435: 0 2 2
0436: 1 0 2
0437: 0 2 1
0438: 3 1 1
0439: 0 2 2
0440: 3 1 2
0441: 0 2 1
0442: 1 0 1
0443: 0 2 2
0444: 1 0 0
0445: 0 2 1
0446: 2 0 3
0447: 0 2 2
0448: 1 0 1
0449: 0 2 1
0450: 7 3 0
0451: 0 2 0
0452: 1 0 0
0453: 0 2 1
0454: 0 2 2
0455: 1 0 1
0456: 2 0 4
0457: 0 2 1
0458: 0 2 0
0459: 1 0 0
0460: 0 2 1
0461: 0 2 2
0462: 3 1 1
0463: 0 2 1
0464: 0 2 0
0465: 1 0 1
0466: 0 2 1
0467: 0 2 2
0468: 1 0 2
0469: 0 2 1
0470: 0 2 0
0471: 3 1 0
0472: 0 2 1
0473: 0 2 2
0474: 1 0 1
0475: 0 2 1
0476: 0 2 0
0477: 1 0 0
0478: 0 2 1
0479: 0 2 2
0480: 2 0 3
0481: 0 2 1
0482: 0 2 0
0483: 1 0 1
0484: 0 2 1
0485: 0 2 2
0486: 3 1 1
0487: 0 2 1
0488: 0 2 0
0489: 1 0 0
0490: 0 2 1
0491: 0 2 2
0492: 2 0 2
0493: 0 2 1
0494: 0 2 0
0495: 3 1 0
0496: 0 2 1
0497: 0 2 2
0498: 7 2 0
0499: 0 2 1
0500: 2 0 3
0501: 0 2 2
0502: 1 0 1
0503: 0 2 1
0504: 8 4 1
0505: 0 2 2
0506: 1 0 0
0507: 0 2 1
0508: 2 0 2
0509: 0 2 2
0510: 3 1 1
0511: 0 2 1
0512: 2 0 3
0513: 0 2 2
0514: 1 0 1
0515: 0 2 1
0516: 2 0 4
0517: 0 2 2
0518: 1 0 0
0519: 0 2 1
0520: 3 1 0
0521: 0 2 2
0522: 1 0 1
0523: 0 2 1
0524: 1 0 2
0525: 0 2 2
0526: 3 1 1
0527: 0 2 1
0528: 3 1 2
0529: 0 2 2
0530: 1 0 1
0531: 0 2 1
0532: 1 0 0
0533: 0 2 2
0534: 2 0 3
0535: 0 2 1
0536: 1 0 1
0537: 0 2 2
0538: 4 3 1
0539: 0 2 1
0540: 1 0 0
0541: 0 2 2
0542: 2 0 2
0543: 0 2 1
0544: 3 1 1
0545: 0 2 2
0546: 2 0 3
0547: 0 2 1
0548: 1 0 1
0549: 0 2 2
0550: 2 0 4
0551: 0 2 1
0552: 1 0 0
0553: 0 2 2
0554: 3 1 0
0555: 0 2 1
0556: 1 0 1
0557: 0 2 2
0558: 1 0 2
0559: 0 2 1
0560: 3 1 1
0561: 0 2 2
0562: 3 1 2
0563: 0 2 1
0564: 1 0 1
0565: 0 2 2
0566: 1 0 0
0567: 0 2 1
0568: 7 1 0
0569: 0 2 2
0570: 1 0 1
0571: 0 2 1
0572: 1 0 2
0573: 0 2 2
0574: 3 1 1
0575: 0 2 1
0576: 1 0 1
0577: 0 2 2
0578: 1 0 0
0579: 0 2 1
0580: 2 0 3
0581: 0 2 2
0582: 1 0 1
0583: 0 2 1
0584: 3 1 2
0585: 0 2 2
0586: 1 0 0
0587: 0 2 1
0588: 2 0 2
0589: 0 2 2
0590: 3 1 1
0591: 0 2 1
0592: 4 3 2
0593: 0 2 2
0594: 2 0 3
0595: 0 2 1
0596: 1 0 1
0597: 0 2 2
0598: 2 0 4
0599: 0 2 1
0600: 1 0 0
0601: 0 2 2
0602: 3 1 2
0603: 0 2 1
0604: 1 0 1
0605: 0 2 2
0606: 1 0 2
0607: 0 2 1
0608: 3 1 1
0609: 0 2 2
0610: 7 0 0
0611: 0 2 1
0612: 1 0 1
0613: 0 2 2
0614: 2 0 3
0615: 0 2 1
0616: 3 1 2
0617: 0 2 2
0618: 2 0 4
0619: 0 2 1
0620: 1 0 2
0621: 0 2 2
0622: 4 3 1
0623: 0 2 1
0624: 1 0 1
0625: 0 2 2
0626: 2 0 3
0627: 0 2 1
0628: 3 1 1
0629: 0 2 2
0630: 2 0 4
0631: 0 2 1
0632: 1 0 2
0633: 0 2 2
0634: 4 3 0
0635: 0 2 1
0636: 1 0 1
0637: 0 2 2
0638: 2 0 3
0639: 0 2 1
0640: 3 1 2
0641: 0 2 2
0642: 2 0 4
0643: 0 2 1
0644: 1 0 2
0645: 0 2 2
0646: 10 3 3
0647: 0 2 1
0648: 1 0 1
0649: 0 2 2
0650: 2 0 3
0651: 0 2 1
0652: 3 1 1
0653: 0 2 2
0654: 2 0 4
0655: 0 2 1
0656: 1 0 2
0657: 0 2 2
0658: 6 5 3
0659: 0 2 1
0660: 1 0 1
0661: 0 2 2
0662: 2 0 3
0663: 0 2 1
0664: 3 1 2
0665: 0 2 2
0666: 2 0 4
0667: 0 2 1
0668: 1 0 2
0669: 0 2 2
0670: 11 2 4
0671: 0 2 1
0672: 1 0 1
0673: 0 2 2
0674: 2 0 3
0675: 0 2 1
0676: 3 1 1
0677: 0 2 2
0678: 2 0 4
0679: 0 2 1
0680: 1 0 2
0681: 0 2 2
0682: 6 5 4
0683: 0 2 1
0684: 1 0 1
0685: 0 2 2
0686: 2 0 3
0687: 0 2 1
0688: 3 1 2
0689: 0 2 2
0690: 2 0 4
0691: 0 2 1
0692: 1 0 2
0693: 0 2 2
0694: 3 1 3
0695: 0 2 1
0696: 1 0 1
0697: 0 2 2
0698: 2 0 3
0699: 0 2 1
0700: 6 5 3
0701: 0 2 2
0702: 2 0 4
0703: 0 2 1
0704: 1 0 2
0705: 10 2 3
0706: 1 0 1
0707: 2 0 3
0708: 3 1 2
0709: 2 0 4
0710: 1 0 2
0711: 3 1 1
0712: 1 0 1
0713: 2 0 3
0714: 5 4 3
0715: 2 0 4
0716: 1 0 2
0717: 3 1 2
0718: 1 0 1
0719: 2 0 3
0720: 3 1 3
0721: 2 0 4
0722: 1 0 2
0723: 6 5 4
0724: 1 0 1
0725: 2 0 3
0726: 3 1 2
0727: 2 0 4
0728: 1 0 2
0729: 3 1 1
0730: 1 0 1
0731: 2 0 3
0732: 5 4 4
0733: 2 0 4
0734: 1 0 2
0735: 3 1 2
0736: 1 0 1
0737: 2 0 3
0738: 3 1 3
0739: 12 0 5
0740: 3 1 2
0741: 3 1 1
0742: 5 4 3
0743: 3 1 2
0744: 3 1 3
0745: 6 5 3
0746: 3 1 2
0747: 3 1 1
0748: 5 4 4
0749: 3 1 2
0750: 3 1 3
0751: 10 3 3
0752: 0 2 2
0753: 3 1 2
0754: 0 2 1
0755: 3 1 1
0756: 0 2 2
0757: 6 5 4
0758: 0 2 1
0759: 3 1 2
0760: 0 2 2
0761: 3 1 3
0762: 0 2 1
0763: 10 4 3
0764: 0 2 2
0765: 3 1 2
0766: 0 2 1
0767: 3 1 1
0768: 0 2 2
0769: 4 3 1
0770: 0 2 1
0771: 3 1 2
0772: 0 2 2
0773: 3 1 3
0774: 0 2 1
0775: 7 1 0
0776: 0 2 2
0777: 1 0 0
0778: 0 2 1
0779: 2 0 2
0780: 0 2 2
0781: 3 1 2
0782: 0 2 1
0783: 2 0 3
0784: 0 2 2
0785: 1 0 1
0786: 0 2 1
0787: 3 1 1
0788: 0 2 2
0789: 1 0 0
0790: 0 2 1
0791: 2 0 2
0792: 0 2 2
0793: 7 2 0
0794: 0 2 1
0795: 2 0 3
0796: 0 2 2
0797: 1 0 1
0798: 0 2 1
0799: 3 1 0
0800: 0 2 2
0801: 1 0 0
0802: 0 2 1
0803: 2 0 2
0804: 0 2 2
0805: 7 3 0
0806: 0 2 1
0807: 0 2 0
0808: 2 0 3
0809: 0 2 1
0810: 0 2 2
0811: 1 0 1
0812: 0 2 1
0813: 0 2 0
0814: 3 1 1
0815: 0 2 1
0816: 0 2 2
0817: 1 0 0
0818: 0 2 1
0819: 0 2 0
0820: 2 0 2
0821: 0 2 1
0822: 0 2 2
0823: 3 1 2
0824: 0 2 1
0825: 0 2 0
0826: 2 0 3
0827: 0 2 1
0828: 0 2 2
0829: 1 0 1
0830: 0 2 1
0831: 0 2 0
0832: 3 1 3
0833: 0 2 1
0834: 0 2 2
0835: 1 0 0
0836: 0 2 1
0837: 0 2 0
0838: 2 0 2
0839: 0 2 1
0840: 0 2 2
0841: 7 2 0
0842: 0 2 1
0843: 2 0 3
0844: 0 2 2
0845: 1 0 1
0846: 0 2 1
0847: 3 1 2
0848: 0 2 2
0849: 1 0 0
0850: 0 2 1
0851: 2 0 2
0852: 0 2 2
0853: 11 1 4
0854: 0 2 1
0855: 2 0 3
0856: 0 2 2
0857: 1 0 1
0858: 0 2 1
0859: 3 1 1
0860: 0 2 2
0861: 1 0 0
0862: 0 2 1
0863: 2 0 2
0864: 0 2 2
0865: 3 1 0
0866: 0 2 1
0867: 2 0 3
0868: 0 2 2
0869: 1 0 1
0870: 0 2 1
0871: 4 3 2
0872: 0 2 2
0873: 1 0 0
0874: 0 2 1
0875: 2 0 2
0876: 0 2 2
0877: 3 1 1
0878: 0 2 1
0879: 2 0 3
0880: 0 2 2
0881: 1 0 1
0882: 0 2 1
0883: 3 1 2
0884: 0 2 2
0885: 1 0 0
0886: 0 2 1
0887: 2 0 2
0888: 0 2 2
0889: 4 3 3
0890: 0 2 1
0891: 2 0 3
0892: 0 2 2
0893: 1 0 1
0894: 0 2 1
0895: 3 1 1
0896: 0 2 2
0897: 1 0 0
0898: 0 2 1
0899: 2 0 2
0900: 0 2 2
0901: 3 1 0
0902: 0 2 1
0903: 2 0 3
0904: 0 2 2
0905: 1 0 1
0906: 0 2 1
0907: 7 3 0
0908: 0 2 0
0909: 1 0 0
0910: 0 2 1
0911: 0 2 2
0912: 1 0 1
0913: 3 1 1
0914: 0 2 1
0915: 0 2 0
0916: 1 0 0
0917: 0 2 1
0918: 0 2 2
0919: 2 0 2
0920: 0 2 1
0921: 0 2 0
0922: 3 1 0
0923: 0 2 1
0924: 0 2 2
0925: 4 3 2
0926: 0 2 1
0927: 0 2 0
0928: 2 0 3
0929: 0 2 1
0930: 0 2 2
0931: 1 0 1
0932: 0 2 1
0933: 0 2 0
0934: 3 1 1
0935: 0 2 1
0936: 0 2 2
0937: 1 0 0
0938: 0 2 1
0939: 0 2 0
0940: 2 0 2
0941: 0 2 1
0942: 0 2 2
0943: 3 1 2
0944: 0 2 1
0945: 0 2 0
0946: 2 0 3
0947: 0 2 1
0948: 0 2 2
0949: 1 0 1
0950: 0 2 1
0951: 0 2 0
0952: 4 3 1
0953: 0 2 1
0954: 0 2 2
0955: 1 0 0
0956: 0 2 1
0957: 0 2 0
0958: 2 0 2
0959: 0 2 1
0960: 0 2 2
0961: 3 1 1
0962: 0 2 1
0963: 0 2 0
0964: 2 0 3
0965: 0 2 1
0966: 0 2 2
0967: 1 0 1
0968: 0 2 1
0969: 0 2 0
0970: 3 1 0
0971: 0 2 1
0972: 0 2 2
0973: 1 0 0
0974: 0 2 1
0975: 0 2 0
0976: 2 0 2
0977: 0 2 1
0978: 0 2 2
0979: 11 0 4
0980: 0 2 1
0981: 0 2 0
0982: 3 1 1
0983: 0 2 1
0984: 0 2 2
0985: 0 2 3
0986: 3 1 0
0987: 4 3 2
0988: 0 2 2
0989: 0 2 1
0990: 0 2 0
0991: 3 1 1
0992: 0 2 1
0993: 0 2 2
0994: 0 2 3
0995: 3 1 2
0996: 0 2 2
0997: 0 2 1
0998: 0 2 0
0999: 4 3 1
1000: 0 2 1
1001: 0 2 2
1002: 0 2 3
1003: 7 2 0
1004: 0 2 2
1005: 0 2 1
1006: 3 1 1
1007: 0 2 2
1008: 0 2 3
1009: 3 1 0
1010: 0 2 2
1011: 0 2 1
1012: 4 3 2
1013: 0 2 2
1014: 0 2 3
1015: 3 1 1
1016: 0 2 2
1017: 0 2 1
1018: 3 1 2
1019: 0 2 2
1020: 0 2 3
1021: 4 3 3
1022: 0 2 2
1023: 0 2 1
1024: 3 1 1
1025: 0 2 2
1026: 0 2 3
1027: 3 1 0
1028: 0 2 2
1029: 0 2 1
1030: 7 3 0
1031: 0 2 0
1032: 3 1 1
1033: 0 2 1
1034: 0 2 2
1035: 0 2 3
1036: 3 1 0
1037: 0 2 2
1038: 8 3 1
1039: 0 2 1
1040: 0 2 0
1041: 3 1 1
1042: 0 2 1
1043: 0 2 2
1044: 0 2 3
1045: 3 1 0
1046: 4 3 2
1047: 0 2 2
1048: 0 2 1
1049: 0 2 0
1050: 3 1 1
1051: 0 2 1
1052: 0 2 2
1053: 0 2 3
1054: 3 1 2
1055: 0 2 2
1056: 0 2 1
1057: 0 2 0
1058: 4 3 3
1059: 0 2 1
1060: 0 2 2
1061: 0 2 3
1062: 7 2 0
1063: 0 2 2
1064: 0 2 1
1065: 3 1 1
1066: 0 2 2
1067: 0 2 3
1068: 3 1 0
1069: 0 2 2
1070: 0 2 1
1071: 4 3 2
1072: 0 2 2
1073: 0 2 3
1074: 3 1 1
1075: 0 2 2
1076: 0 2 1
1077: 3 1 2
1078: 0 2 2
1079: 0 2 3
1080: 7 1 0
1081: 0 2 2
1082: 0 2 1
1083: 3 1 1
1084: 0 2 2
1085: 0 2 3
1086: 4 3 3
1087: 0 2 2
1088: 0 2 1
1089: 3 1 2
1090: 0 2 2
1091: 0 2 3
1092: 8 2 1
1093: 0 2 2
1094: 3 1 1
1095: 0 2 3
1096: 4 3 2
1097: 0 2 2
1098: 3 1 2
1099: 0 2 3
1100: 7 2 0
1101: 0 2 2
1102: 3 1 1
1103: 0 2 3
1104: 3 1 0
1105: 0 2 2
1106: 4 3 3
1107: 0 2 3
1108: 3 1 1
1109: 0 2 2
1110: 3 1 2
1111: 0 2 3
1112: 7 3 0
1113: 0 2 2
1114: 3 1 1
1115: 0 2 3
1116: 3 1 0
1117: 0 2 2
1118: 4 3 2
1119: 0 2 3
1120: 3 1 1
1121: 0 2 2
1122: 3 1 2
1123: 0 2 3
1124: 8 1 1
1125: 0 2 2
1126: 4 3 1
1127: 0 2 3
1128: 7 2 0
1129: 0 2 2
1130: 4 3 2
1131: 0 2 3
1132: 4 3 3
1133: 0 2 2
1134: 7 1 0
1135: 0 2 3
1136: 4 3 2
1137: 0 2 2
1138: 4 3 1
1139: 0 2 3
1140: 12 1 5
1141: 0 2 2
1142: 4 3 2
1143: 0 2 3
1144: 7 2 0
1145: 0 2 2
1146: 4 3 1
1147: 0 2 3
1148: 7 3 0
1149: 0 2 2
1150: 4 3 2
1151: 0 2 3
1152: 8 2 1
1153: 0 2 2
1154: 3 1 1
1155: 0 2 3
1156: 3 1 0
1157: 0 2 2
1158: 7 2 0
1159: 0 2 3
1160: 3 1 1
1161: 0 2 2
1162: 3 1 2
1163: 0 2 3
1164: 7 1 0
1165: 0 2 2
1166: 3 1 1
1167: 0 2 3
1168: 8 3 1
1169: 0 2 2
1170: 0 2 1
1171: 3 1 2
1172: 0 2 2
1173: 0 2 3
1174: 7 2 0
1175: 0 2 2
1176: 0 2 1
1177: 3 1 1
1178: 0 2 2
1179: 0 2 3
1180: 3 1 0
1181: 0 2 2
1182: 0 2 1
1183: 7 3 0
1184: 0 2 0
1185: 3 1 1
1186: 0 2 1
1187: 0 2 2
1188: 0 2 3
1189: 3 1 0
1190: 0 2 2
1191: 8 4 1
1192: 0 2 1
1193: 0 2 0
1194: 3 1 1
1195: 0 2 1
1196: 0 2 2
1197: 0 2 3
1198: 3 1 0
1199: 4 3 1
1200: 0 2 2
1201: 0 2 1
1202: 0 2 0
1203: 3 1 1
1204: 0 2 1
1205: 0 2 2
1206: 0 2 3
1207: 3 1 2
1208: 0 2 2
1209: 0 2 1
1210: 0 2 0
1211: 4 3 2
1212: 0 2 1
1213: 0 2 2
1214: 0 2 3
1215: 7 2 0
1216: 0 2 2
1217: 0 2 1
1218: 3 1 1
1219: 0 2 2
1220: 0 2 3
1221: 3 1 0
1222: 0 2 2
1223: 0 2 1
1224: 4 3 1
1225: 0 2 2
1226: 0 2 3
1227: 3 1 1
1228: 0 2 2
1229: 0 2 1
1230: 3 1 2
1231: 0 2 2
1232: 0 2 3
1233: 7 1 0
1234: 0 2 2
1235: 0 2 1
1236: 3 1 1
1237: 0 2 2
1238: 0 2 3
1239: 4 3 2
1240: 0 2 2
1241: 0 2 1
1242: 3 1 2
1243: 0 2 2
1244: 0 2 3
1245: 12 0 5
1246: 0 2 2
1247: 0 2 1
1248: 3 1 1
1249: 0 2 2
1250: 0 2 3
1251: 4 3 1
1252: 0 2 2
1253: 0 2 1
1254: 3 1 2
1255: 0 2 2
1256: 11 1 4
1257: 0 2 1
1258: 2 0 3
1259: 0 2 2
1260: 1 0 1
1261: 0 2 1
1262: 3 1 1
1263: 0 2 2
1264: 1 0 0
1265: 0 2 1
1266: 2 0 2
1267: 0 2 2
1268: 4 3 2
1269: 0 2 1
1270: 2 0 3
1271: 0 2 2
1272: 1 0 1
1273: 0 2 1
1274: 3 1 2
1275: 0 2 2
1276: 1 0 0
1277: 0 2 1
1278: 2 0 2
1279: 0 2 2
1280: 4 3 3
1281: 0 2 1
1282: 2 0 3
1283: 0 2 2
1284: 1 0 1
1285: 0 2 1
1286: 3 1 1
1287: 0 2 2
1288: 1 0 0
1289: 0 2 1
1290: 2 0 2
1291: 0 2 2
1292: 8 3 1
1293: 0 2 1
1294: 2 0 3
1295: 0 2 2
1296: 1 0 1
1297: 0 2 1
1298: 3 1 2
1299: 0 2 2
1300: 1 0 0
1301: 0 2 1
1302: 2 0 2
1303: 0 2 2
1304: 4 3 2
1305: 0 2 1
1306: 2 0 3
1307: 0 2 2
1308: 1 0 1
1309: 0 2 1
1310: 3 1 1
1311: 0 2 2
1312: 1 0 0
1313: 0 2 1
1314: 2 0 2
1315: 0 2 2
1316: 7 2 0
1317: 0 2 1
1318: 2 0 3
1319: 0 2 2
1320: 1 0 1
1321: 0 2 1
1322: 3 1 0
1323: 0 2 2
1324: 1 0 0
1325: 0 2 1
1326: 2 0 2
1327: 0 2 2
1328: 4 3 3
1329: 0 2 1
1330: 2 0 3
1331: 0 2 2
1332: 1 0 1
1333: 0 2 1
1334: 3 1 1
1335: 0 2 2
1336: 1 0 0
1337: 0 2 1
1338: 2 0 2
1339: 0 2 2
1340: 3 1 2
1341: 0 2 1
1342: 2 0 3
1343: 0 2 2
1344: 1 0 1
1345: 0 2 1
1346: 4 3 2
1347: 0 2 2
1348: 1 0 0
1349: 0 2 1
1350: 2 0 2
1351: 0 2 2
1352: 7 3 0
1353: 0 2 1
1354: 0 2 0
1355: 2 0 3
1356: 0 2 1
1357: 0 2 2
1358: 1 0 1
1359: 0 2 1
1360: 0 2 0
1361: 3 1 1
1362: 0 2 1
1363: 0 2 2
1364: 1 0 0
1365: 0 2 1
1366: 0 2 0
1367: 2 0 2
1368: 0 2 1
1369: 0 2 2
1370: 3 1 0
1371: 0 2 1
1372: 0 2 0
1373: 2 0 3
1374: 0 2 1
1375: 0 2 2
1376: 1 0 1
1377: 0 2 1
1378: 0 2 0
1379: 4 3 3
1380: 0 2 1
1381: 0 2 2
1382: 1 0 0
1383: 0 2 1
1384: 0 2 0
1385: 2 0 2
1386: 0 2 1
1387: 0 2 2
1388: 3 1 1
1389: 0 2 1
1390: 0 2 0
1391: 2 0 3
1392: 0 2 1
1393: 0 2 2
1394: 1 0 1
1395: 0 2 1
1396: 0 2 0
1397: 3 1 2
1398: 0 2 1
1399: 0 2 2
1400: 1 0 0
1401: 0 2 1
1402: 0 2 0
1403: 2 0 2
1404: 0 2 1
1405: 0 2 2
1406: 8 2 1
1407: 2 0 3
1408: 1 0 1
1409: 3 1 1
1410: 1 0 0
1411: 2 0 2
1412: 3 1 0
1413: 2 0 3
1414: 1 0 1
1415: 4 3 2
1416: 1 0 0
1417: 2 0 2
1418: 3 1 1
1419: 2 0 3
1420: 1 0 1
1421: 3 1 2
1422: 1 0 0
1423: 2 0 2
1424: 7 2 0
1425: 2 0 3
1426: 1 0 1
1427: 3 1 1
1428: 1 0 0
1429: 2 0 2
1430: 3 1 0
1431: 2 0 3
1432: 1 0 1
1433: 4 3 3
1434: 1 0 0
1435: 2 0 2
1436: 3 1 1
1437: 2 0 3
1438: 1 0 1
1439: 3 1 2
1440: 1 0 0
1441: 2 0 2
1442: 7 1 0
1443: 2 0 3
1444: 1 0 1
1445: 3 1 1
1446: 1 0 0
1447: 2 0 2
1448: 4 3 2
1449: 2 0 3
1450: 1 0 1
1451: 3 1 2
1452: 7 0 0
1453: 3 1 1
1454: 4 3 3
1455: 3 1 2
1456: 8 1 1
1457: 9 3 2
1458: 8 2 1
1459: 3 1 1
1460: 8 3 1
1461: 0 2 1
1462: 3 1 2
1463: 0 2 2
1464: 8 4 1
1465: 0 2 1
1466: 3 1 1
1467: 0 2 2
1468: 9 4 2
1469: 0 2 1
1470: 3 1 2
1471: 0 2 2
1472: 4 3 2
1473: 0 2 1
1474: 3 1 1
1475: 0 2 2
1476: 4 3 1
1477: 0 2 1
1478: 3 1 2
1479: 0 2 2
1480: 4 3 0
1481: 0 2 1
1482: 3 1 1
1483: 0 2 2
1484: 10 3 3
1485: 0 2 1
1486: 3 1 2
1487: 0 2 2
1488: 6 5 3
1489: 0 2 1
1490: 3 1 1
1491: 10 2 3
1492: 3 1 2
1493: 5 4 3
1494: 3 1 1
1495: 6 5 4
1496: 3 1 2
1497: 5 4 4
1498: 3 1 1
1499: 10 1 3
1500: 4 3 1
1501: 4 3 2
1502: 4 3 3
1503: 5 4 3
1504: 4 3 2
1505: 4 3 1
1506: 4 3 0
1507: 6 5 3
1508: 4 3 1
1509: 4 3 2
1510: 4 3 3
1511: 5 4 4
1512: 4 3 2
1513: 4 3 1
1514: 4 3 0
1515: 11 2 4
1516: 4 3 1
1517: 5 4 3
1518: 4 3 0
1519: 6 5 4
1520: 4 3 1
1521: 5 4 4
1522: 4 3 0
1523: 12 1 5
1524: 2 0 4
1525: 1 0 2
1526: 4 3 1
1527: 1 0 1
1528: 2 0 3
1529: 5 4 3
1530: 2 0 4
1531: 1 0 2
1532: 4 3 0
1533: 1 0 1
1534: 2 0 3
1535: 6 5 3
1536: 2 0 4
1537: 1 0 2
1538: 4 3 1
1539: 1 0 1
1540: 2 0 3
1541: 5 4 4
1542: 2 0 4
1543: 1 0 2
1544: 4 3 0
1545: 1 0 1
1546: 2 0 3
1547: 11 1 4
1548: 2 0 4
1549: 1 0 2
1550: 4 3 1
1551: 1 0 1
1552: 2 0 3
1553: 4 3 2
1554: 2 0 4
1555: 1 0 2
1556: 5 4 3
1557: 1 0 1
1558: 2 0 3
1559: 4 3 1
1560: 2 0 4
1561: 1 0 2
1562: 4 3 0
1563: 1 0 1
1564: 2 0 3
1565: 6 5 4
1566: 2 0 4
1567: 1 0 2
1568: 4 3 1
1569: 1 0 1
1570: 2 0 3
1571: 4 3 2
1572: 2 0 4
1573: 1 0 2
1574: 5 4 4
1575: 1 0 1
1576: 2 0 3
1577: 4 3 1
1578: 2 0 4
1579: 1 0 2
1580: 4 3 0
1581: 1 0 1
1582: 2 0 3
1583: 10 2 3
1584: 2 0 4
1585: 1 0 2
1586: 3 1 2
1587: 1 0 1
1588: 2 0 3
1589: 5 4 3
1590: 2 0 4
1591: 1 0 2
1592: 3 1 1
1593: 1 0 1
1594: 2 0 3
1595: 6 5 3
1596: 2 0 4
1597: 1 0 2
1598: 3 1 2
1599: 1 0 1
1600: 2 0 3
1601: 12 2 5
1602: 2 0 4
1603: 1 0 2
1604: 3 1 1
1605: 1 0 1
1606: 2 0 3
1607: 6 5 4
1608: 2 0 4
1609: 1 0 2
1610: 3 1 2
1611: 1 0 1
1612: 2 0 3
1613: 11 2 4
1614: 2 0 4
1615: 1 0 2
1616: 3 1 1
1617: 1 0 1
1618: 2 0 3
1619: 6 5 3
1620: 2 0 4
1621: 1 0 2
1622: 3 1 2
1623: 1 0 1
1624: 2 0 3
1625: 3 1 3
1626: 2 0 4
1627: 1 0 2
1628: 3 1 4
1629: 1 0 1
1630: 2 0 3
1631: 6 5 4
1632: 2 0 4
1633: 1 0 2
1634: 10 1 3
1635: 1 0 1
1636: 2 0 3
1637: 4 3 1
1638: 2 0 4
1639: 1 0 2
1640: 6 5 3
1641: 1 0 1
1642: 2 0 3
1643: 4 3 0
1644: 2 0 4
1645: 1 0 2
1646: 12 3 5
1647: 1 0 1
1648: 2 0 3
1649: 10 2 3
1650: 2 0 4
1651: 1 0 2
1652: 3 1 3
1653: 1 0 1
1654: 2 0 3
1655: 3 1 2
1656: 2 0 4
1657: 1 0 2
1658: 3 1 1
1659: 1 0 1
1660: 2 0 3
1661: 10 1 3
1662: 2 0 4
1663: 1 0 2
1664: 4 3 1
1665: 1 0 1
1666: 2 0 3
1667: 7 1 0
1668: 1 0 0
1669: 2 0 2
1670: 7 2 0
1671: 2 0 3
1672: 1 0 1
1673: 2 0 4
1674: 1 0 0
1675: 3 1 0
1676: 1 0 1
1677: 1 0 2
1678: 3 1 1
1679: 7 1 0
1680: 1 0 1
1681: 1 0 0
1682: 10 0 3
1683: 0 2 2
1684: 1 0 1
1685: 0 2 1
1686: 7 0 0
1687: 0 2 2
1688: 4 3 0
1689: 0 2 1
1690: 11 1 4
1691: 0 2 2
1692: 4 3 1
1693: 0 2 1
1694: 4 3 2
1695: 0 2 2
1696: 7 1 0
1697: 0 2 1
1698: 1 0 0
1699: 0 2 2
1700: 4 3 1
1701: 0 2 1
1702: 1 0 1
1703: 0 2 2
1704: 7 2 0
1705: 0 2 1
1706: 1 0 0
1707: 0 2 2
1708: 3 1 0
1709: 0 2 1
1710: 1 0 1
1711: 0 2 2
1712: 4 3 2
1713: 0 2 1
1714: 1 0 0
1715: 0 2 2
1716: 3 1 1
1717: 0 2 1
1718: 1 0 1
1719: 0 2 2
1720: 7 3 0
1721: 0 2 1
1722: 0 2 0
1723: 1 0 0
1724: 0 2 1
1725: 0 2 2
1726: 3 1 0
1727: 0 2 1
1728: 0 2 0
1729: 1 0 1
1730: 0 2 1
1731: 0 2 2
1732: 4 3 1
1733: 0 2 1
1734: 0 2 0
1735: 1 0 0
1736: 0 2 1
1737: 0 2 2
1738: 3 1 1
1739: 0 2 1
1740: 0 2 0
1741: 1 0 1
1742: 0 2 1
1743: 0 2 2
1744: 11 2 4
1745: 0 2 1
1746: 0 2 0
1747: 1 0 0
1748: 0 2 1
1749: 0 2 2
1750: 3 1 0
1751: 0 2 1
1752: 0 2 0
1753: 1 0 1
1754: 0 2 1
1755: 0 2 2
1756: 7 2 0
1757: 0 2 1
1758: 1 0 0
1759: 0 2 2
1760: 3 1 1
1761: 0 2 1
1762: 1 0 1
1763: 0 2 2
1764: 12 2 5
1765: 0 2 1
1766: 1 0 0
1767: 0 2 2
1768: 3 1 0
1769: 0 2 1
1770: 1 0 1
1771: 0 2 2
1772: 6 5 4
1773: 0 2 1
1774: 1 0 0
1775: 0 2 2
1776: 3 1 1
1777: 0 2 1
1778: 1 0 1
1779: 0 2 2
1780: 7 1 0
1781: 0 2 1
1782: 1 0 0
1783: 0 2 2
1784: 6 5 3
1785: 0 2 1
1786: 1 0 1
1787: 0 2 2
1788: 7 0 0
1789: 0 2 1
1790: 4 3 0
1791: 0 2 2
1792: 6 5 4
1793: 0 2 1
1794: 4 3 1
1795: 0 2 2
1796: 11 1 4
1797: 0 2 1
1798: 4 3 0
1799: 0 2 2
1800: 6 5 3
1801: 0 2 1
1802: 4 3 1
1803: 0 2 2
1804: 4 3 2
1805: 0 2 1
1806: 6 5 4
1807: 0 2 2
1808: 7 1 0
1809: 0 2 1
1810: 1 0 0
1811: 0 2 2
1812: 4 3 1
1813: 0 2 1
1814: 1 0 1
1815: 0 2 2
1816: 6 5 3
1817: 0 2 1
1818: 1 0 0
1819: 0 2 2
1820: 4 3 2
1821: 0 2 1
1822: 1 0 1
1823: 0 2 2
1824: 7 2 0
1825: 0 2 1
1826: 1 0 0
1827: 0 2 2
1828: 3 1 0
1829: 0 2 1
1830: 1 0 1
1831: 0 2 2
1832: 4 3 1
1833: 0 2 1
1834: 1 0 0
1835: 0 2 2
1836: 3 1 1
1837: 0 2 1
1838: 1 0 1
1839: 0 2 2
1840: 6 5 4
1841: 0 2 1
1842: 1 0 0
1843: 0 2 2
1844: 3 1 0
1845: 0 2 1
1846: 1 0 1
1847: 0 2 2
1848: 4 3 2
1849: 0 2 1
1850: 1 0 0
1851: 0 2 2
1852: 3 1 1
1853: 0 2 1
1854: 1 0 1
1855: 0 2 2
1856: 7 3 0
1857: 0 2 1
1858: 0 2 0
1859: 1 0 0
1860: 0 2 1
1861: 0 2 2
1862: 3 1 0
1863: 0 2 1
1864: 0 2 0
1865: 1 0 1
1866: 0 2 1
1867: 0 2 2
1868: 4 3 1
1869: 0 2 1
1870: 0 2 0
1871: 1 0 0
1872: 0 2 1
1873: 0 2 2
1874: 3 1 1
1875: 0 2 1
1876: 0 2 0
1877: 1 0 1
1878: 0 2 1
1879: 0 2 2
1880: 6 5 3
1881: 0 2 1
1882: 0 2 0
1883: 1 0 0
1884: 0 2 1
1885: 0 2 2
1886: 3 1 0
1887: 0 2 1
1888: 0 2 0
1889: 1 0 1
1890: 0 2 1
1891: 0 2 2
1892: 4 3 2
1893: 0 2 1
1894: 0 2 0
1895: 1 0 0
1896: 0 2 1
1897: 0 2 2
1898: 3 1 1
1899: 0 2 1
1900: 0 2 0
1901: 1 0 1
1902: 0 2 1
1903: 0 2 2
1904: 8 3 1
1905: 0 2 1
1906: 0 2 0
1907: 1 0 0
1908: 0 2 1
1909: 0 2 2
1910: 3 1 0
1911: 0 2 1
1912: 0 2 0
1913: 1 0 1
1914: 0 2 1
1915: 0 2 2
1916: 6 5 4
1917: 0 2 1
1918: 0 2 0
1919: 1 0 0
1920: 0 2 1
1921: 0 2 2
1922: 3 1 1
1923: 0 2 1
1924: 0 2 0
1925: 1 0 1
1926: 0 2 1
1927: 0 2 2
1928: 7 2 0
1929: 0 2 1
1930: 1 0 0
1931: 0 2 2
1932: 3 1 0
1933: 0 2 1
1934: 1 0 1
1935: 0 2 2
1936: 6 5 3
1937: 0 2 1
1938: 1 0 0
1939: 0 2 2
1940: 3 1 1
1941: 0 2 1
1942: 1 0 1
1943: 0 2 2
1944: 7 1 0
1945: 0 2 1
1946: 1 0 0
1947: 0 2 2
1948: 6 5 4
1949: 0 2 1
1950: 1 0 1
1951: 0 2 2
1952: 7 0 0
1953: 0 2 1
1954: 6 5 3
1955: 0 2 2
1956: 8 2 1
1957: 6 5 4
1958: 7 1 0
1959: 1 0 0
1960: 6 5 3
1961: 1 0 1
1962: 7 2 0
1963: 1 0 0
1964: 3 1 0
1965: 1 0 1
1966: 6 5 4
1967: 1 0 0
1968: 3 1 1
1969: 1 0 1
1970: 7 3 0
1971: 1 0 0
1972: 3 1 0
1973: 1 0 1
1974: 6 5 3
1975: 1 0 0
1976: 3 1 1
1977: 1 0 1
1978: 12 1 5
1979: 1 0 0
1980: 3 1 0
1981: 1 0 1
1982: 5 4 4
1983: 1 0 0
1984: 3 1 1
1985: 1 0 1
1986: 6 5 4
1987: 1 0 0
1988: 3 1 0
1989: 1 0 1
1990: 5 4 3
1991: 1 0 0
1992: 3 1 1
1993: 1 0 1
1994: 7 2 0
1995: 1 0 0
1996: 3 1 0
1997: 1 0 1
1998: 5 4 4
1999: 1 0 0
2000: 3 1 1
2001: 1 0 1
2002: 6 5 3
2003: 1 0 0
2004: 3 1 0
2005: 1 0 1
2006: 5 4 3
2007: 1 0 0
2008: 3 1 1
2009: 1 0 1
2010: 7 1 0
2011: 1 0 0
2012: 5 4 4
2013: 1 0 1
2014: 6 5 4
2015: 1 0 0
2016: 5 4 3
2017: 1 0 1
2018: 7 0 0
2019: 5 4 4
2020: 6 5 3
2021: 5 4 3
2022: 8 3 1
2023: 0 2 1
2024: 5 4 4
2025: 0 2 2
2026: 6 5 4
2027: 0 2 1
2028: 5 4 3
2029: 0 2 2
2030: 7 1 0
2031: 0 2 1
2032: 1 0 0
2033: 0 2 2
2034: 5 4 4
2035: 0 2 1
2036: 1 0 1
2037: 0 2 2
2038: 6 5 3
2039: 0 2 1
2040: 1 0 0
2041: 0 2 2
2042: 5 4 3
2043: 0 2 1
2044: 1 0 1
2045: 0 2 2
2046: 7 2 0
2047: 0 2 1
2048: 1 0 0
2049: 0 2 2
2050: 3 1 0
2051: 0 2 1
2052: 1 0 1
2053: 0 2 2
2054: 5 4 4
2055: 0 2 1
2056: 1 0 0
2057: 0 2 2
2058: 3 1 1
2059: 0 2 1
2060: 1 0 1
2061: 0 2 2
2062: 6 5 4
2063: 0 2 1
2064: 1 0 0
2065: 0 2 2
2066: 3 1 0
2067: 0 2 1
2068: 1 0 1
2069: 0 2 2
2070: 5 4 3
2071: 0 2 1
2072: 1 0 0
2073: 0 2 2
2074: 3 1 1
2075: 0 2 1
2076: 1 0 1
2077: 0 2 2
2078: 7 3 0
2079: 0 2 1
2080: 0 2 0
2081: 1 0 0
2082: 0 2 1
2083: 0 2 2
2084: 3 1 0
2085: 0 2 1
2086: 0 2 0
2087: 1 0 1
2088: 0 2 1
2089: 0 2 2
2090: 5 4 4
2091: 0 2 1
2092: 0 2 0
2093: 1 0 0
2094: 0 2 1
2095: 0 2 2
2096: 3 1 1
2097: 0 2 1
2098: 0 2 0
2099: 1 0 1
2100: 0 2 1
2101: 0 2 2
2102: 6 5 3
2103: 0 2 1
2104: 0 2 0
2105: 1 0 0
2106: 0 2 1
2107: 0 2 2
2108: 3 1 0
2109: 0 2 1
2110: 0 2 0
2111: 1 0 1
2112: 0 2 1
2113: 0 2 2
2114: 5 4 3
2115: 0 2 1
2116: 0 2 0
2117: 1 0 0
2118: 0 2 1
2119: 0 2 2
2120: 3 1 1
2121: 0 2 1
2122: 0 2 0
2123: 1 0 1
2124: 0 2 1
2125: 0 2 2
2126: 8 4 1
2127: 0 2 1
2128: 0 2 0
2129: 1 0 0
2130: 0 2 1
2131: 0 2 2
2132: 3 1 0
2133: 0 2 1
2134: 0 2 0
2135: 1 0 1
2136: 0 2 1
2137: 0 2 2
2138: 4 3 1
2139: 0 2 1
2140: 0 2 0
2141: 1 0 0
2142: 0 2 1
2143: 0 2 2
2144: 3 1 1
2145: 0 2 1
2146: 0 2 0
2147: 1 0 1
2148: 0 2 1
2149: 0 2 2
2150: 5 4 4
2151: 0 2 1
2152: 0 2 0
2153: 1 0 0
2154: 0 2 1
2155: 0 2 2
2156: 3 1 0
2157: 0 2 1
2158: 0 2 0
2159: 1 0 1
2160: 0 2 1
2161: 0 2 2
2162: 4 3 2
2163: 0 2 1
2164: 0 2 0
2165: 1 0 0
2166: 0 2 1
2167: 0 2 2
2168: 3 1 1
2169: 0 2 1
2170: 0 2 0
2171: 1 0 1
2172: 0 2 1
2173: 0 2 2
2174: 6 5 4
2175: 0 2 1
2176: 0 2 0
2177: 1 0 0
2178: 0 2 1
2179: 0 2 2
2180: 3 1 0
2181: 0 2 1
2182: 0 2 0
2183: 1 0 1
2184: 0 2 1
2185: 0 2 2
2186: 4 3 1
2187: 0 2 1
2188: 0 2 0
2189: 1 0 0
2190: 0 2 1
2191: 0 2 2
2192: 3 1 1
2193: 0 2 1
2194: 0 2 0
2195: 1 0 1
2196: 0 2 1
2197: 0 2 2
2198: 5 4 3
2199: 0 2 1
2200: 0 2 0
2201: 1 0 0
2202: 0 2 1
2203: 0 2 2
2204: 3 1 0
2205: 0 2 1
2206: 0 2 0
2207: 1 0 1
2208: 0 2 1
2209: 0 2 2
2210: 4 3 2
2211: 0 2 1
2212: 0 2 0
2213: 1 0 0
2214: 0 2 1
2215: 0 2 2
2216: 3 1 1
2217: 0 2 1
2218: 0 2 0
2219: 1 0 1
2220: 0 2 1
2221: 0 2 2
2222: 7 2 0
2223: 0 2 1
2224: 1 0 0
2225: 0 2 2
2226: 3 1 0
2227: 0 2 1
2228: 1 0 1
2229: 0 2 2
2230: 4 3 1
2231: 0 2 1
2232: 1 0 0
2233: 0 2 2
2234: 3 1 1
2235: 0 2 1
2236: 1 0 1
2237: 0 2 2
2238: 5 4 4
2239: 0 2 1
2240: 1 0 0
2241: 0 2 2
2242: 3 1 0
2243: 0 2 1
2244: 1 0 1
2245: 0 2 2
2246: 4 3 2
2247: 0 2 1
2248: 1 0 0
2249: 0 2 2
2250: 3 1 1
2251: 0 2 1
2252: 1 0 1
2253: 0 2 2
2254: 6 5 3
2255: 0 2 1
2256: 1 0 0
2257: 0 2 2
2258: 3 1 0
2259: 0 2 1
2260: 1 0 1
2261: 0 2 2
2262: 4 3 1
2263: 0 2 1
2264: 1 0 0
2265: 0 2 2
2266: 3 1 1
2267: 0 2 1
2268: 1 0 1
2269: 0 2 2
2270: 5 4 3
2271: 0 2 1
2272: 1 0 0
2273: 0 2 2
2274: 3 1 0
2275: 0 2 1
2276: 1 0 1
2277: 0 2 2
2278: 4 3 2
2279: 0 2 1
2280: 1 0 0
2281: 0 2 2
2282: 3 1 1
2283: 0 2 1
2284: 1 0 1
2285: 0 2 2
2286: 7 1 0
2287: 0 2 1
2288: 1 0 0
2289: 0 2 2
2290: 4 3 1
2291: 0 2 1
2292: 1 0 1
2293: 0 2 2
2294: 5 4 4
2295: 0 2 1
2296: 1 0 0
2297: 0 2 2
2298: 4 3 2
2299: 0 2 1
2300: 1 0 1
2301: 0 2 2
2302: 6 5 4
2303: 0 2 1
2304: 1 0 0
2305: 0 2 2
2306: 4 3 1
2307: 0 2 1
2308: 1 0 1
2309: 0 2 2
2310: 5 4 3
2311: 0 2 1
2312: 1 0 0
2313: 0 2 2
2314: 4 3 2
2315: 0 2 1
2316: 1 0 1
2317: 0 2 2
2318: 7 0 0
2319: 0 2 1
2320: 4 3 1
2321: 0 2 2
2322: 4 3 0
2323: 0 2 1
2324: 5 4 4
2325: 0 2 2
2326: 4 3 1
2327: 0 2 1
2328: 4 3 2
2329: 0 2 2
2330: 6 5 3
2331: 0 2 1
2332: 4 3 1
2333: 0 2 2
2334: 4 3 0
2335: 0 2 1
2336: 5 4 3
2337: 0 2 2
2338: 4 3 1
2339: 0 2 1
2340: 11 2 4
2341: 0 2 2
2342: 4 3 0
2343: 0 2 1
2344: 5 4 4
2345: 0 2 2
2346: 4 3 1
2347: 0 2 1
2348: 6 5 4
2349: 0 2 2
2350: 4 3 0
2351: 0 2 1
2352: 5 4 3
2353: 0 2 2
2354: 4 3 1
2355: 0 2 1
2356: 7 1 0
2357: 0 2 2
2358: 1 0 0
2359: 0 2 1
2360: 5 4 4
2361: 0 2 2
2362: 1 0 1
2363: 0 2 1
2364: 6 5 3
2365: 0 2 2
2366: 1 0 0
2367: 0 2 1
2368: 5 4 3
2369: 0 2 2
2370: 1 0 1
2371: 0 2 1
2372: 7 2 0
2373: 0 2 2
2374: 1 0 0
2375: 0 2 1
2376: 3 1 0
2377: 0 2 2
2378: 1 0 1
2379: 0 2 1
2380: 5 4 4
2381: 0 2 2
2382: 1 0 0
2383: 0 2 1
2384: 3 1 1
2385: 0 2 2
2386: 1 0 1
2387: 0 2 1
2388: 6 5 4
2389: 0 2 2
2390: 1 0 0
2391: 0 2 1
2392: 3 1 0
2393: 0 2 2
2394: 1 0 1
2395: 0 2 1
2396: 5 4 3
2397: 0 2 2
2398: 1 0 0
2399: 0 2 1
2400: 3 1 1
2401: 0 2 2
2402: 1 0 1
2403: 0 2 1
2404: 7 3 0
2405: 0 2 0
2406: 1 0 0
2407: 0 2 1
2408: 0 2 2
2409: 1 0 1
2410: 3 1 0
2411: 0 2 1
2412: 0 2 0
2413: 1 0 0
2414: 0 2 1
2415: 0 2 2
2416: 5 4 4
2417: 0 2 1
2418: 0 2 0
2419: 1 0 1
2420: 0 2 1
2421: 0 2 2
2422: 3 1 1
2423: 0 2 1
2424: 0 2 0
2425: 1 0 0
2426: 0 2 1
2427: 0 2 2
2428: 6 5 3
2429: 0 2 1
2430: 0 2 0
2431: 1 0 1
2432: 0 2 1
2433: 0 2 2
2434: 3 1 0
2435: 0 2 1
2436: 0 2 0
2437: 1 0 0
2438: 0 2 1
2439: 0 2 2
2440: 5 4 3
2441: 0 2 1
2442: 0 2 0
2443: 1 0 1
2444: 0 2 1
2445: 0 2 2
2446: 3 1 1
2447: 0 2 1
2448: 0 2 0
2449: 1 0 0
2450: 0 2 1
2451: 0 2 2
2452: 12 2 5
2453: 0 2 1
2454: 0 2 0
2455: 1 0 1
2456: 0 2 1
2457: 0 2 2
2458: 3 1 0
2459: 0 2 1
2460: 0 2 0
2461: 1 0 0
2462: 0 2 1
2463: 0 2 2
2464: 6 5 4
2465: 0 2 1
2466: 0 2 0
2467: 1 0 1
2468: 0 2 1
2469: 0 2 2
2470: 3 1 1
2471: 0 2 1
2472: 0 2 0
2473: 1 0 0
2474: 0 2 1
2475: 10 1 3
2476: 0 2 0
2477: 1 0 1
2478: 0 2 1
2479: 1 0 2
2480: 0 2 0
2481: 3 1 0
2482: 0 2 1
2483: 1 0 1
2484: 0 2 0
2485: 1 0 0
2486: 0 2 1
2487: 2 0 3
2488: 0 2 0
2489: 1 0 1
2490: 0 2 1
2491: 3 1 1
2492: 0 2 0
2493: 1 0 0
2494: 0 2 1
2495: 2 0 2
2496: 0 2 0
2497: 3 1 0
2498: 0 2 1
2499: 6 5 3
2500: 0 2 0
2501: 2 0 3
2502: 0 2 1
2503: 1 0 1
2504: 0 2 0
2505: 2 0 4
2506: 0 2 1
2507: 1 0 0
2508: 0 2 0
2509: 3 1 1
2510: 0 2 1
2511: 1 0 1
2512: 0 2 0
2513: 1 0 2
2514: 0 2 1
2515: 3 1 0
2516: 0 2 0
2517: 11 1 4
2518: 0 2 1
2519: 1 0 1
2520: 0 2 0
2521: 1 0 0
2522: 0 2 1
2523: 2 0 3
2524: 0 2 0
2525: 1 0 1
2526: 0 2 1
2527: 3 1 1
2528: 0 2 0
2529: 1 0 0
2530: 0 2 1
2531: 2 0 2
2532: 0 2 0
2533: 3 1 0
2534: 0 2 1
2535: 4 3 2
2536: 0 2 0
2537: 2 0 3
2538: 0 2 1
2539: 1 0 1
2540: 0 2 0
2541: 2 0 4
2542: 0 2 1
2543: 1 0 0
2544: 0 2 0
2545: 3 1 1
2546: 0 2 1
2547: 1 0 1
2548: 0 2 0
2549: 1 0 2
2550: 0 2 1
2551: 3 1 0
2552: 0 2 0
2553: 6 5 4
2554: 0 2 1
2555: 1 0 1
2556: 0 2 0
2557: 1 0 0
2558: 0 2 1
2559: 2 0 3
2560: 0 2 0
2561: 1 0 1
2562: 0 2 1
2563: 3 1 1
2564: 0 2 0
2565: 1 0 0
2566: 0 2 1
2567: 2 0 2
2568: 0 2 0
2569: 3 1 0
2570: 0 2 1
2571: 4 3 1
2572: 0 2 0
2573: 2 0 3
2574: 0 2 1
2575: 1 0 1
2576: 0 2 0
2577: 2 0 4
2578: 0 2 1
2579: 1 0 0
2580: 0 2 0
2581: 3 1 1
2582: 0 2 1
2583: 1 0 1
2584: 0 2 0
2585: 1 0 2
2586: 0 2 1
2587: 3 1 0
2588: 0 2 0
2589: 12 1 5
2590: 0 2 1
2591: 1 0 1
2592: 0 2 0
2593: 1 0 0
2594: 0 2 1
2595: 2 0 3
2596: 0 2 0
2597: 1 0 1
2598: 0 2 1
2599: 3 1 1
2600: 0 2 0
2601: 1 0 0
2602: 0 2 1
2603: 2 0 2
2604: 0 2 0
2605: 3 1 0
2606: 0 2 1
2607: 4 3 2
2608: 0 2 0
2609: 2 0 3
2610: 0 2 1
2611: 1 0 1
2612: 0 2 0
2613: 2 0 4
2614: 0 2 1
2615: 1 0 0
2616: 0 2 0
2617: 3 1 1
2618: 0 2 1
2619: 1 0 1
2620: 0 2 0
2621: 1 0 2
2622: 0 2 1
2623: 3 1 0
2624: 0 2 0
2625: 5 4 4
2626: 0 2 1
2627: 1 0 1
2628: 0 2 0
2629: 1 0 0
2630: 0 2 1
2631: 2 0 3
2632: 0 2 0
2633: 1 0 1
2634: 0 2 1
2635: 3 1 1
2636: 0 2 0
2637: 1 0 0
2638: 0 2 1
2639: 2 0 2
2640: 0 2 0
2641: 3 1 0
2642: 0 2 1
2643: 4 3 1
2644: 0 2 0
2645: 2 0 3
2646: 0 2 1
2647: 1 0 1
2648: 0 2 0
2649: 2 0 4
2650: 0 2 1
2651: 1 0 0
2652: 0 2 0
2653: 3 1 1
2654: 0 2 1
2655: 1 0 1
2656: 0 2 0
2657: 1 0 2
2658: 0 2 1
2659: 3 1 0
2660: 0 2 0
2661: 6 5 3
2662: 0 2 1
2663: 1 0 1
2664: 0 2 0
2665: 1 0 0
2666: 0 2 1
2667: 2 0 3
2668: 0 2 0
2669: 1 0 1
2670: 0 2 1
2671: 3 1 1
2672: 0 2 0
2673: 1 0 0
2674: 0 2 1
2675: 2 0 2
2676: 0 2 0
2677: 3 1 0
2678: 0 2 1
2679: 4 3 2
2680: 0 2 0
2681: 2 0 3
2682: 0 2 1
2683: 1 0 1
2684: 0 2 0
2685: 2 0 4
2686: 0 2 1
2687: 1 0 0
2688: 0 2 0
2689: 3 1 1
2690: 0 2 1
2691: 1 0 1
2692: 0 2 0
2693: 1 0 2
2694: 0 2 1
2695: 3 1 0
2696: 0 2 0
2697: 5 4 3
2698: 0 2 1
2699: 1 0 1
2700: 0 2 0
2701: 1 0 0
2702: 0 2 1
2703: 2 0 3
2704: 0 2 0
2705: 1 0 1
2706: 0 2 1
2707: 3 1 1
2708: 0 2 0
2709: 1 0 0
2710: 0 2 1
2711: 2 0 2
2712: 0 2 0
2713: 3 1 0
2714: 0 2 1
2715: 4 3 1
2716: 0 2 0
2717: 2 0 3
2718: 0 2 1
2719: 1 0 1
2720: 0 2 0
2721: 2 0 4
2722: 0 2 1
2723: 1 0 0
2724: 0 2 0
2725: 3 1 1
2726: 0 2 1
2727: 1 0 1
2728: 0 2 0
2729: 1 0 2
2730: 0 2 1
2731: 3 1 0
2732: 0 2 0
2733: 11 2 4
2734: 0 2 1
2735: 1 0 1
2736: 0 2 0
2737: 1 0 0
2738: 0 2 1
2739: 2 0 3
2740: 0 2 0
2741: 1 0 1
2742: 0 2 1
2743: 3 1 1
2744: 0 2 0
2745: 1 0 0
2746: 0 2 1
2747: 2 0 2
2748: 0 2 0
2749: 3 1 0
2750: 0 2 1
2751: 5 4 4
2752: 0 2 0
2753: 2 0 3
2754: 0 2 1
2755: 1 0 1
2756: 0 2 0
2757: 2 0 4
2758: 0 2 1
2759: 1 0 0
2760: 0 2 0
2761: 3 1 1
2762: 0 2 1
2763: 1 0 1
2764: 0 2 0
2765: 1 0 2
2766: 0 2 1
2767: 3 1 0
2768: 0 2 0
2769: 6 5 4
2770: 0 2 1
2771: 1 0 1
2772: 0 2 0
2773: 1 0 0
2774: 0 2 1
2775: 2 0 3
2776: 0 2 0
2777: 1 0 1
2778: 0 2 1
2779: 3 1 1
2780: 0 2 0
2781: 1 0 0
2782: 0 2 1
2783: 2 0 2
2784: 0 2 0
2785: 3 1 0
2786: 0 2 1
2787: 5 4 3
2788: 0 2 0
2789: 2 0 3
2790: 0 2 1
2791: 1 0 1
2792: 0 2 0
2793: 2 0 4
2794: 0 2 1
2795: 1 0 0
2796: 0 2 0
2797: 3 1 1
2798: 0 2 1
2799: 1 0 1
2800: 0 2 0
2801: 1 0 2
2802: 0 2 1
2803: 3 1 0
2804: 7 2 0
2805: 1 0 1
2806: 1 0 0
2807: 2 0 3
2808: 1 0 1
2809: 3 1 1
2810: 1 0 0
2811: 2 0 2
2812: 3 1 0
2813: 5 4 4
2814: 2 0 3
2815: 1 0 1
2816: 2 0 4
2817: 1 0 0
2818: 3 1 1
2819: 1 0 1
2820: 1 0 2
2821: 3 1 0
2822: 6 5 3
2823: 1 0 1
2824: 1 0 0
2825: 2 0 3
2826: 1 0 1
2827: 3 1 1
2828: 1 0 0
2829: 2 0 2
2830: 3 1 0
2831: 5 4 3
2832: 2 0 3
2833: 1 0 1
2834: 2 0 4
2835: 1 0 0
2836: 3 1 1
2837: 1 0 1
2838: 1 0 2
2839: 3 1 0
2840: 11 1 4
2841: 1 0 1
2842: 1 0 0
2843: 2 0 3
2844: 1 0 1
2845: 3 1 1
2846: 1 0 0
2847: 2 0 2
2848: 3 1 0
2849: 4 3 2
2850: 2 0 3
2851: 1 0 1
2852: 2 0 4
2853: 1 0 0
2854: 3 1 1
2855: 1 0 1
2856: 1 0 2
2857: 3 1 0
2858: 5 4 4
2859: 1 0 1
2860: 1 0 0
2861: 2 0 3
2862: 1 0 1
2863: 3 1 1
2864: 1 0 0
2865: 2 0 2
2866: 3 1 0
2867: 4 3 1
2868: 2 0 3
2869: 1 0 1
2870: 2 0 4
2871: 1 0 0
2872: 3 1 1
2873: 1 0 1
2874: 1 0 2
2875: 3 1 0
2876: 6 5 4
2877: 1 0 1
2878: 1 0 0
2879: 2 0 3
2880: 1 0 1
2881: 3 1 1
2882: 1 0 0
2883: 2 0 2
2884: 3 1 0
2885: 4 3 2
2886: 2 0 3
2887: 1 0 1
2888: 2 0 4
2889: 1 0 0
2890: 3 1 1
2891: 1 0 1
2892: 1 0 2
2893: 3 1 0
2894: 5 4 3
2895: 1 0 1
2896: 1 0 0
2897: 2 0 3
2898: 1 0 1
2899: 3 1 1
2900: 1 0 0
2901: 2 0 2
2902: 3 1 0
2903: 4 3 1
2904: 2 0 3
2905: 1 0 1
2906: 2 0 4
2907: 1 0 0
2908: 3 1 1
2909: 1 0 1
2910: 1 0 2
2911: 3 1 0
2912: 12 2 5
2913: 1 0 1
2914: 1 0 0
2915: 2 0 3
2916: 1 0 1
2917: 3 1 1
2918: 1 0 0
2919: 2 0 2
2920: 3 1 0
2921: 4 3 2
2922: 2 0 3
2923: 1 0 1
2924: 2 0 4
2925: 1 0 0
2926: 3 1 1
2927: 1 0 1
2928: 1 0 2
2929: 3 1 0
2930: 6 5 3
2931: 1 0 1
2932: 1 0 0
2933: 2 0 3
2934: 1 0 1
2935: 3 1 1
2936: 1 0 0
2937: 2 0 2
2938: 3 1 0
2939: 4 3 1
2940: 2 0 3
2941: 1 0 1
2942: 2 0 4
2943: 1 0 0
2944: 3 1 1
2945: 1 0 1
2946: 1 0 2
2947: 3 1 0
2948: 11 2 4
2949: 1 0 1
2950: 1 0 0
2951: 2 0 3
2952: 1 0 1
2953: 3 1 1
2954: 1 0 0
2955: 2 0 2
2956: 3 1 0
2957: 6 5 4
2958: 2 0 3
2959: 1 0 1
2960: 2 0 4
2961: 1 0 0
2962: 3 1 1
2963: 1 0 1
2964: 1 0 2
2965: 6 5 3
2966: 1 0 1
2967: 1 0 0
2968: 7 1 0
2969: 1 0 1
2970: 1 0 2
2971: 6 5 4
2972: 1 0 1
2973: 1 0 0
2974: 2 0 3
2975: 1 0 1
2976: 6 5 3
2977: 1 0 0
2978: 2 0 2
2979: 6 5 4
2980: 11 1 4
2981: 2 0 3
2982: 1 0 1
2983: 2 0 4
2984: 1 0 0
2985: 4 3 2
2986: 1 0 1
2987: 1 0 2
2988: 4 3 1
2989: 6 5 3
2990: 1 0 1
2991: 1 0 0
2992: 2 0 3
2993: 1 0 1
2994: 4 3 2
2995: 1 0 0
2996: 2 0 2
2997: 4 3 1
2998: 7 2 0
2999: 2 0 3
3000: 1 0 1
3001: 12 3 5
3002: 1 0 0
3003: 2 0 2
3004: 3 1 0
3005: 2 0 3
3006: 1 0 1
3007: 2 0 4
3008: 1 0 0
3009: 3 1 1
3010: 1 0 1
3011: 1 0 2
3012: 3 1 0
3013: 4 3 2
3014: 1 0 1
3015: 1 0 0
3016: 2 0 3
3017: 1 0 1
3018: 3 1 1
3019: 1 0 0
3020: 2 0 2
3021: 3 1 0
3022: 7 3 0
3023: 0 2 0
3024: 2 0 3
3025: 0 2 1
3026: 1 0 1
3027: 0 2 0
3028: 2 0 4
3029: 0 2 1
3030: 1 0 0
3031: 0 2 0
3032: 3 1 1
3033: 0 2 1
3034: 1 0 1
3035: 0 2 0
3036: 1 0 2
3037: 0 2 1
3038: 3 1 0
3039: 0 2 0
3040: 4 3 1
3041: 0 2 1
3042: 1 0 1
3043: 0 2 0
3044: 1 0 0
3045: 0 2 1
3046: 2 0 3
3047: 0 2 0
3048: 1 0 1
3049: 0 2 1
3050: 3 1 1
3051: 0 2 0
3052: 1 0 0
3053: 0 2 1
3054: 2 0 2
3055: 0 2 0
3056: 3 1 0
3057: 0 2 1
3058: 11 0 4
3059: 0 2 0
3060: 3 1 1
3061: 0 2 1
3062: 4 3 2
3063: 0 2 0
3064: 3 1 0
3065: 0 2 1
3066: 7 2 0
3067: 3 1 1
3068: 4 3 1
3069: 3 1 0
3070: 12 2 5
3071: 3 1 1
3072: 4 3 2
3073: 3 1 0
3074: 6 5 4
3075: 3 1 1
3076: 4 3 1
3077: 3 1 0
3078: 7 3 0
3079: 0 2 0
3080: 3 1 1
3081: 0 2 1
3082: 4 3 2
3083: 0 2 0
3084: 3 1 0
3085: 0 2 1
3086: 6 5 3
3087: 0 2 0
3088: 3 1 1
3089: 0 2 1
3090: 4 3 1
3091: 0 2 0
3092: 3 1 0
3093: 0 2 1
3094: 12 1 5
3095: 0 2 0
3096: 3 1 1
3097: 0 2 1
3098: 4 3 2
3099: 0 2 0
3100: 3 1 0
3101: 0 2 1
3102: 5 4 4
3103: 0 2 0
3104: 3 1 1
3105: 0 2 1
3106: 4 3 1
3107: 0 2 0
3108: 3 1 0
3109: 0 2 1
3110: 6 5 4
3111: 0 2 0
3112: 3 1 1
3113: 0 2 1
3114: 4 3 2
3115: 0 2 0
3116: 3 1 0
3117: 0 2 1
3118: 5 4 3
3119: 0 2 0
3120: 3 1 1
3121: 0 2 1
3122: 4 3 1
3123: 0 2 0
3124: 3 1 0
3125: 0 2 1
3126: 7 2 0
3127: 3 1 1
3128: 4 3 2
3129: 3 1 0
3130: 5 4 4
3131: 3 1 1
3132: 4 3 1
3133: 3 1 0
3134: 6 5 3
3135: 3 1 1
3136: 4 3 2
3137: 3 1 0
3138: 5 4 3
3139: 3 1 1
3140: 4 3 1
3141: 3 1 0
3142: 12 0 5
3143: 3 1 1
3144: 4 3 2
3145: 3 1 0
3146: 4 3 3
3147: 3 1 1
3148: 5 4 4
3149: 3 1 0
3150: 4 3 2
3151: 3 1 1
3152: 4 3 1
3153: 3 1 0
3154: 6 5 4
3155: 3 1 1
3156: 4 3 2
3157: 3 1 0
3158: 4 3 3
3159: 3 1 1
3160: 5 4 3
3161: 3 1 0
3162: 4 3 2
3163: 3 1 1
3164: 4 3 1
3165: 3 1 0
3166: 7 3 0
3167: 0 2 0
3168: 3 1 1
3169: 0 2 1
3170: 4 3 2
3171: 0 2 0
3172: 3 1 0
3173: 0 2 1
3174: 4 3 3
3175: 0 2 0
3176: 3 1 1
3177: 0 2 1
3178: 5 4 4
3179: 0 2 0
3180: 3 1 0
3181: 0 2 1
3182: 4 3 2
3183: 0 2 0
3184: 3 1 1
3185: 0 2 1
3186: 4 3 1
3187: 0 2 0
3188: 3 1 0
3189: 0 2 1
3190: 6 5 3
3191: 0 2 0
3192: 3 1 1
3193: 0 2 1
3194: 4 3 2
3195: 0 2 0
3196: 3 1 0
3197: 0 2 1
3198: 4 3 3
3199: 0 2 0
3200: 3 1 1
3201: 0 2 1
3202: 5 4 3
3203: 0 2 0
3204: 3 1 0
3205: 0 2 1
3206: 4 3 2
3207: 0 2 0
3208: 3 1 1
3209: 0 2 1
3210: 4 3 1
3211: 0 2 0
3212: 3 1 0
3213: 0 2 1
3214: 11 1 4
3215: 0 2 0
3216: 2 0 3
3217: 0 2 1
3218: 1 0 1
3219: 0 2 0
3220: 3 1 1
3221: 0 2 1
3222: 1 0 0
3223: 0 2 0
3224: 2 0 2
3225: 0 2 1
3226: 4 3 2
3227: 0 2 0
3228: 2 0 3
3229: 0 2 1
3230: 1 0 1
3231: 0 2 0
3232: 3 1 0
3233: 0 2 1
3234: 1 0 0
3235: 0 2 0
3236: 2 0 2
3237: 0 2 1
3238: 4 3 3
3239: 0 2 0
3240: 2 0 3
3241: 0 2 1
3242: 1 0 1
3243: 0 2 0
3244: 3 1 1
3245: 0 2 1
3246: 1 0 0
3247: 0 2 0
3248: 2 0 2
3249: 0 2 1
3250: 5 4 4
3251: 0 2 0
3252: 2 0 3
3253: 0 2 1
3254: 1 0 1
3255: 0 2 0
3256: 3 1 0
3257: 0 2 1
3258: 1 0 0
3259: 0 2 0
3260: 2 0 2
3261: 0 2 1
3262: 4 3 2
3263: 0 2 0
3264: 2 0 3
3265: 0 2 1
3266: 1 0 1
3267: 0 2 0
3268: 3 1 1
3269: 0 2 1
3270: 1 0 0
3271: 0 2 0
3272: 2 0 2
3273: 0 2 1
3274: 4 3 1
3275: 0 2 0
3276: 2 0 3
3277: 0 2 1
3278: 1 0 1
3279: 0 2 0
3280: 3 1 0
3281: 0 2 1
3282: 1 0 0
3283: 0 2 0
3284: 2 0 2
3285: 0 2 1
3286: 6 5 4
3287: 0 2 0
3288: 2 0 3
3289: 0 2 1
3290: 1 0 1
3291: 0 2 0
3292: 3 1 1
3293: 0 2 1
3294: 1 0 0
3295: 0 2 0
3296: 2 0 2
3297: 0 2 1
3298: 4 3 2
3299: 0 2 0
3300: 2 0 3
3301: 0 2 1
3302: 1 0 1
3303: 0 2 0
3304: 3 1 0
3305: 0 2 1
3306: 1 0 0
3307: 0 2 0
3308: 2 0 2
3309: 0 2 1
3310: 4 3 3
3311: 0 2 0
3312: 2 0 3
3313: 0 2 1
3314: 1 0 1
3315: 0 2 0
3316: 3 1 1
3317: 0 2 1
3318: 1 0 0
3319: 0 2 0
3320: 2 0 2
3321: 0 2 1
3322: 5 4 3
3323: 0 2 0
3324: 2 0 3
3325: 0 2 1
3326: 1 0 1
3327: 0 2 0
3328: 3 1 0
3329: 0 2 1
3330: 1 0 0
3331: 0 2 0
3332: 2 0 2
3333: 0 2 1
3334: 4 3 2
3335: 0 2 0
3336: 2 0 3
3337: 0 2 1
3338: 1 0 1
3339: 0 2 0
3340: 3 1 1
3341: 0 2 1
3342: 1 0 0
3343: 0 2 0
3344: 2 0 2
3345: 0 2 1
3346: 4 3 1
3347: 0 2 0
3348: 2 0 3
3349: 0 2 1
3350: 1 0 1
3351: 0 2 0
3352: 3 1 0
3353: 0 2 1
3354: 1 0 0
3355: 0 2 0
3356: 2 0 2
3357: 0 2 1
3358: 7 2 0
3359: 2 0 3
3360: 1 0 1
3361: 3 1 1
3362: 1 0 0
3363: 2 0 2
3364: 4 3 2
3365: 2 0 3
3366: 1 0 1
3367: 3 1 0
3368: 1 0 0
3369: 2 0 2
3370: 4 3 3
3371: 2 0 3
3372: 1 0 1
3373: 3 1 1
3374: 1 0 0
3375: 2 0 2
3376: 5 4 4
3377: 2 0 3
3378: 1 0 1
3379: 3 1 0
3380: 1 0 0
3381: 2 0 2
3382: 4 3 2
3383: 2 0 3
3384: 1 0 1
3385: 3 1 1
3386: 1 0 0
3387: 2 0 2
3388: 4 3 1
3389: 2 0 3
3390: 1 0 1
3391: 3 1 0
3392: 1 0 0
3393: 2 0 2
3394: 6 5 3
3395: 2 0 3
3396: 1 0 1
3397: 3 1 1
3398: 1 0 0
3399: 2 0 2
3400: 4 3 2
3401: 2 0 3
3402: 1 0 1
3403: 3 1 0
3404: 1 0 0
3405: 2 0 2
3406: 4 3 3
3407: 2 0 3
3408: 1 0 1
3409: 3 1 1
3410: 1 0 0
3411: 2 0 2
3412: 5 4 3
3413: 2 0 3
3414: 1 0 1
3415: 3 1 0
3416: 1 0 0
3417: 2 0 2
3418: 4 3 2
3419: 2 0 3
3420: 1 0 1
3421: 3 1 1
3422: 1 0 0
3423: 2 0 2
3424: 4 3 1
3425: 2 0 3
3426: 1 0 1
3427: 3 1 0
3428: 1 0 0
3429: 2 0 2
3430: 11 2 4
3431: 2 0 3
3432: 1 0 1
3433: 3 1 1
3434: 1 0 0
3435: 2 0 2
3436: 5 4 4
3437: 2 0 3
3438: 1 0 1
3439: 3 1 0
3440: 1 0 0
3441: 2 0 2
3442: 6 5 4
3443: 2 0 3
3444: 1 0 1
3445: 3 1 1
3446: 1 0 0
3447: 2 0 2
3448: 5 4 3
3449: 2 0 3
3450: 1 0 1
3451: 7 1 0
3452: 1 0 0
3453: 2 0 2
3454: 5 4 4
3455: 2 0 3
3456: 1 0 1
3457: 6 5 3
3458: 1 0 0
3459: 2 0 2
3460: 5 4 3
3461: 2 0 3
3462: 1 0 1
3463: 11 1 4
3464: 1 0 0
3465: 2 0 2
3466: 4 3 2
3467: 2 0 3
3468: 1 0 1
3469: 4 3 3
3470: 1 0 0
3471: 2 0 2
3472: 5 4 4
3473: 2 0 3
3474: 1 0 1
3475: 4 3 2
3476: 1 0 0
3477: 2 0 2
3478: 4 3 1
3479: 2 0 3
3480: 1 0 1
3481: 6 5 4
3482: 1 0 0
3483: 2 0 2
3484: 4 3 2
3485: 2 0 3
3486: 1 0 1
3487: 4 3 3
3488: 1 0 0
3489: 2 0 2
3490: 5 4 3
3491: 2 0 3
3492: 1 0 1
3493: 4 3 2
3494: 1 0 0
3495: 2 0 2
3496: 4 3 1
3497: 2 0 3
3498: 1 0 1
3499: 12 1 5
3500: 1 0 0
3501: 2 0 2
3502: 4 3 2
3503: 2 0 3
3504: 1 0 1
3505: 2 0 4
3506: 1 0 0
3507: 4 3 1
3508: 1 0 1
3509: 1 0 2
3510: 4 3 2
3511: 5 4 4
3512: 1 0 1
3513: 1 0 0
3514: 2 0 3
3515: 1 0 1
3516: 4 3 1
3517: 1 0 0
3518: 2 0 2
3519: 4 3 2
3520: 6 5 3
3521: 2 0 3
3522: 1 0 1
3523: 2 0 4
3524: 1 0 0
3525: 4 3 1
3526: 1 0 1
3527: 1 0 2
3528: 4 3 2
3529: 5 4 3
3530: 1 0 1
3531: 1 0 0
3532: 2 0 3
3533: 1 0 1
3534: 4 3 1
3535: 1 0 0
3536: 2 0 2
3537: 4 3 2
3538: 7 2 0
3539: 2 0 3
3540: 1 0 1
3541: 8 3 1
3542: 1 0 0
3543: 2 0 2
3544: 3 1 0
3545: 2 0 3
3546: 1 0 1
3547: 2 0 4
3548: 1 0 0
3549: 3 1 1
3550: 1 0 1
3551: 1 0 2
3552: 3 1 0
3553: 5 4 4
3554: 1 0 1
3555: 1 0 0
3556: 2 0 3
3557: 1 0 1
3558: 3 1 1
3559: 1 0 0
3560: 2 0 2
3561: 3 1 0
3562: 6 5 4
3563: 2 0 3
3564: 1 0 1
3565: 2 0 4
3566: 1 0 0
3567: 3 1 1
3568: 1 0 1
3569: 1 0 2
3570: 3 1 0
3571: 5 4 3
3572: 1 0 1
3573: 1 0 0
3574: 2 0 3
3575: 1 0 1
3576: 3 1 1
3577: 1 0 0
3578: 2 0 2
3579: 3 1 0
3580: 7 3 0
3581: 0 2 0
3582: 2 0 3
3583: 0 2 1
3584: 1 0 1
3585: 0 2 0
3586: 2 0 4
3587: 0 2 1
3588: 1 0 0
3589: 0 2 0
3590: 3 1 1
3591: 0 2 1
3592: 1 0 1
3593: 0 2 0
3594: 1 0 2
3595: 0 2 1
3596: 3 1 0
3597: 0 2 0
3598: 5 4 4
3599: 0 2 1
3600: 1 0 1
3601: 0 2 0
3602: 1 0 0
3603: 0 2 1
3604: 2 0 3
3605: 0 2 0
3606: 1 0 1
3607: 0 2 1
3608: 3 1 1
3609: 0 2 0
3610: 1 0 0
3611: 0 2 1
3612: 2 0 2
3613: 0 2 0
3614: 3 1 0
3615: 0 2 1
3616: 6 5 3
3617: 0 2 0
3618: 2 0 3
3619: 0 2 1
3620: 1 0 1
3621: 0 2 0
3622: 2 0 4
3623: 0 2 1
3624: 1 0 0
3625: 0 2 0
3626: 3 1 1
3627: 0 2 1
3628: 1 0 1
3629: 0 2 0
3630: 1 0 2
3631: 0 2 1
3632: 3 1 0
3633: 0 2 0
3634: 5 4 3
3635: 0 2 1
3636: 1 0 1
3637: 0 2 0
3638: 1 0 0
3639: 0 2 1
3640: 2 0 3
3641: 0 2 0
3642: 1 0 1
3643: 0 2 1
3644: 3 1 1
3645: 0 2 0
3646: 1 0 0
3647: 0 2 1
3648: 2 0 2
3649: 0 2 0
3650: 3 1 0
3651: 0 2 1
3652: 11 0 4
3653: 0 2 0
3654: 3 1 1
3655: 0 2 1
3656: 5 4 4
3657: 0 2 0
3658: 3 1 0
3659: 0 2 1
3660: 6 5 4
3661: 0 2 0
3662: 3 1 1
3663: 0 2 1
3664: 5 4 3
3665: 0 2 0
3666: 3 1 0
3667: 0 2 1
3668: 7 2 0
3669: 3 1 1
3670: 5 4 4
3671: 3 1 0
3672: 6 5 3
3673: 3 1 1
3674: 5 4 3
3675: 3 1 0
3676: 12 0 5
3677: 3 1 1
3678: 4 3 3
3679: 3 1 0
3680: 5 4 4
3681: 3 1 1
3682: 4 3 2
3683: 3 1 0
3684: 6 5 4
3685: 3 1 1
3686: 4 3 3
3687: 3 1 0
3688: 5 4 3
3689: 3 1 1
3690: 4 3 2
3691: 3 1 0
3692: 7 3 0
3693: 0 2 0
3694: 3 1 1
3695: 0 2 1
3696: 4 3 3
3697: 0 2 0
3698: 3 1 0
3699: 0 2 1
3700: 5 4 4
3701: 0 2 0
3702: 3 1 1
3703: 0 2 1
3704: 4 3 2
3705: 0 2 0
3706: 3 1 0
3707: 0 2 1
3708: 6 5 3
3709: 0 2 0
3710: 3 1 1
3711: 0 2 1
3712: 4 3 3
3713: 0 2 0
3714: 3 1 0
3715: 0 2 1
3716: 5 4 3
3717: 0 2 0
3718: 3 1 1
3719: 0 2 1
3720: 4 3 2
3721: 0 2 0
3722: 3 1 0
3723: 0 2 1
3724: 11 1 4
3725: 0 2 0
3726: 2 0 3
3727: 0 2 1
3728: 1 0 1
3729: 0 2 0
3730: 3 1 1
3731: 0 2 1
3732: 1 0 0
3733: 0 2 0
3734: 2 0 2
3735: 0 2 1
3736: 4 3 3
3737: 0 2 0
3738: 2 0 3
3739: 0 2 1
3740: 1 0 1
3741: 0 2 0
3742: 3 1 0
3743: 0 2 1
3744: 1 0 0
3745: 0 2 0
3746: 2 0 2
3747: 0 2 1
3748: 5 4 4
3749: 0 2 0
3750: 2 0 3
3751: 0 2 1
3752: 1 0 1
3753: 0 2 0
3754: 3 1 1
3755: 0 2 1
3756: 1 0 0
3757: 0 2 0
3758: 2 0 2
3759: 0 2 1
3760: 4 3 2
3761: 0 2 0
3762: 2 0 3
3763: 0 2 1
3764: 1 0 1
3765: 0 2 0
3766: 3 1 0
3767: 0 2 1
3768: 1 0 0
3769: 0 2 0
3770: 2 0 2
3771: 0 2 1
3772: 6 5 4
3773: 0 2 0
3774: 2 0 3
3775: 0 2 1
3776: 1 0 1
3777: 0 2 0
3778: 3 1 1
3779: 0 2 1
3780: 1 0 0
3781: 0 2 0
3782: 2 0 2
3783: 0 2 1
3784: 4 3 3
3785: 0 2 0
3786: 2 0 3
3787: 0 2 1
3788: 1 0 1
3789: 0 2 0
3790: 3 1 0
3791: 0 2 1
3792: 1 0 0
3793: 0 2 0
3794: 2 0 2
3795: 0 2 1
3796: 5 4 3
3797: 0 2 0
3798: 2 0 3
3799: 0 2 1
3800: 1 0 1
3801: 0 2 0
3802: 3 1 1
3803: 0 2 1
3804: 1 0 0
3805: 0 2 0
3806: 2 0 2
3807: 0 2 1
3808: 4 3 2
3809: 0 2 0
3810: 2 0 3
3811: 0 2 1
3812: 1 0 1
3813: 0 2 0
3814: 3 1 0
3815: 0 2 1
3816: 1 0 0
3817: 0 2 0
3818: 2 0 2
3819: 0 2 1
3820: 7 2 0
3821: 2 0 3
3822: 1 0 1
3823: 3 1 1
3824: 1 0 0
3825: 2 0 2
3826: 4 3 3
3827: 2 0 3
3828: 1 0 1
3829: 3 1 0
3830: 1 0 0
3831: 2 0 2
3832: 5 4 4
3833: 2 0 3
3834: 1 0 1
3835: 3 1 1
3836: 1 0 0
3837: 2 0 2
3838: 4 3 2
3839: 2 0 3
3840: 1 0 1
3841: 3 1 0
3842: 1 0 0
3843: 2 0 2
3844: 6 5 3
3845: 2 0 3
3846: 1 0 1
3847: 3 1 1
3848: 1 0 0
3849: 2 0 2
3850: 4 3 3
3851: 2 0 3
3852: 1 0 1
3853: 3 1 0
3854: 1 0 0
3855: 2 0 2
3856: 5 4 3
3857: 2 0 3
3858: 1 0 1
3859: 3 1 1
3860: 1 0 0
3861: 2 0 2
3862: 4 3 2
3863: 2 0 3
3864: 1 0 1
3865: 7 1 0
3866: 1 0 0
3867: 2 0 2
3868: 4 3 3
3869: 2 0 3
3870: 1 0 1
3871: 5 4 4
3872: 1 0 0
3873: 2 0 2
3874: 4 3 2
3875: 2 0 3
3876: 1 0 1
3877: 6 5 4
3878: 1 0 0
3879: 2 0 2
3880: 4 3 3
3881: 2 0 3
3882: 1 0 1
3883: 5 4 3
3884: 1 0 0
3885: 2 0 2
3886: 4 3 2
3887: 2 0 3
3888: 1 0 1
3889: 7 0 0
3890: 4 3 3
3891: 5 4 4
3892: 4 3 2
3893: 6 5 3
3894: 4 3 3
3895: 5 4 3
3896: 4 3 2
3897: 12 1 5
3898: 2 0 4
3899: 1 0 2
3900: 5 4 4
3901: 1 0 1
3902: 2 0 3
3903: 6 5 4
3904: 2 0 4
3905: 1 0 2
3906: 5 4 3
3907: 1 0 1
3908: 2 0 3
3909: 7 1 0
3910: 1 0 0
3911: 2 0 2
3912: 5 4 4
3913: 2 0 3
3914: 1 0 1
3915: 2 0 4
3916: 1 0 0
3917: 5 4 3
3918: 1 0 1
3919: 1 0 2
3920: 5 4 4
3921: 6 5 3
3922: 1 0 1
3923: 1 0 0
3924: 2 0 3
3925: 1 0 1
3926: 5 4 3
3927: 1 0 0
3928: 2 0 2
3929: 5 4 4
3930: 11 0 4
3931: 5 4 3
3932: 6 5 4
3933: 5 4 4
3934: 8 4 1
3935: 4 3 1
3936: 5 4 3
3937: 4 3 2
3938: 6 5 3
3939: 4 3 1
3940: 5 4 4
3941: 4 3 2
3942: 12 0 5
3943: 4 3 1
3944: 5 4 3
3945: 4 3 2
3946: 4 3 3
3947: 5 4 4
3948: 6 5 4
3949: 4 3 2
3950: 4 3 1
3951: 5 4 3
3952: 4 3 2
3953: 4 3 3
3954: 8 3 1
3955: 4 3 2
3956: 5 4 4
3957: 4 3 3
3958: 6 5 3
3959: 4 3 2
3960: 5 4 3
3961: 4 3 3
3962: 9 3 2
3963: 5 4 4
3964: 6 5 2
3965: 5 4 3
3966: 6 5 1
3967: 5 4 4
3968: 6 5 0
3969: 5 4 3
3970: 7 2 0
3971: 3 1 0
3972: 5 4 4
3973: 3 1 1
3974: 6 5 1
3975: 3 1 0
3976: 5 4 3
3977: 3 1 1
3978: 6 5 2
3979: 3 1 0
3980: 5 4 4
3981: 3 1 1
3982: 6 5 3
3983: 3 1 0
3984: 5 4 3
3985: 3 1 1
3986: 6 5 4
3987: 3 1 0
3988: 5 4 4
3989: 3 1 1
3990: 7 1 0
3991: 5 4 3
3992: 8 4 1
3993: 5 4 4
3994: 6 5 3
3995: 5 4 3
3996: 6 5 2
3997: 5 4 4
3998: 7 2 0
3999: 3 1 0
4000: 5 4 3
4001: 3 1 1
4002: 6 5 3
4003: 3 1 0
4004: 5 4 4
4005: 3 1 1
4006: 6 5 4
4007: 3 1 0
4008: 5 4 3
4009: 3 1 1
4010: 7 3 0
4011: 0 2 0
4012: 3 1 0
4013: 0 2 1
4014: 5 4 4
4015: 0 2 0
4016: 3 1 1
4017: 0 2 1
4018: 6 5 3
4019: 0 2 0
4020: 3 1 0
4021: 0 2 1
4022: 5 4 3
4023: 0 2 0
4024: 3 1 1
4025: 0 2 1
4026: 6 5 2
4027: 0 2 0
4028: 3 1 0
4029: 0 2 1
4030: 5 4 4
4031: 0 2 0
4032: 3 1 1
4033: 0 2 1
4034: 8 3 1
4035: 0 2 0
4036: 3 1 0
4037: 0 2 1
4038: 5 4 3
4039: 0 2 0
4040: 3 1 1
4041: 0 2 1
4042: 6 5 1
4043: 0 2 0
4044: 3 1 0
4045: 0 2 1
4046: 5 4 4
4047: 0 2 0
4048: 3 1 1
4049: 0 2 1
4050: 11 1 4
4051: 0 2 0
4052: 2 0 3
4053: 0 2 1
4054: 1 0 1
4055: 0 2 0
4056: 3 1 0
4057: 0 2 1
4058: 1 0 0
4059: 0 2 0
4060: 2 0 2
4061: 0 2 1
4062: 5 4 3
4063: 0 2 0
4064: 2 0 3
4065: 0 2 1
4066: 1 0 1
4067: 0 2 0
4068: 3 1 1
4069: 0 2 1
4070: 1 0 0
4071: 0 2 0
4072: 2 0 2
4073: 0 2 1
4074: 6 5 2
4075: 0 2 0
4076: 2 0 3
4077: 0 2 1
4078: 1 0 1
4079: 0 2 0
4080: 3 1 0
4081: 0 2 1
4082: 1 0 0
4083: 0 2 0
4084: 2 0 2
4085: 0 2 1
4086: 5 4 4
4087: 0 2 0
4088: 2 0 3
4089: 0 2 1
4090: 1 0 1
4091: 0 2 0
4092: 3 1 1
4093: 0 2 1
4094: 1 0 0
4095: 0 2 0
4096: 2 0 2
4097: 0 2 1
4098: 6 5 3
4099: 0 2 0
4100: 2 0 3
4101: 0 2 1
4102: 1 0 1
4103: 0 2 0
4104: 3 1 0
4105: 0 2 1
4106: 1 0 0
4107: 0 2 0
4108: 2 0 2
4109: 0 2 1
4110: 5 4 3
4111: 0 2 0
4112: 2 0 3
4113: 0 2 1
4114: 1 0 1
4115: 0 2 0
4116: 3 1 1
4117: 0 2 1
4118: 1 0 0
4119: 0 2 0
4120: 2 0 2
4121: 0 2 1
4122: 6 5 4
4123: 0 2 0
4124: 2 0 3
4125: 0 2 1
4126: 1 0 1
4127: 0 2 0
4128: 3 1 0
4129: 0 2 1
4130: 1 0 0
4131: 0 2 0
4132: 2 0 2
4133: 0 2 1
4134: 5 4 4
4135: 0 2 0
4136: 2 0 3
4137: 0 2 1
4138: 1 0 1
4139: 0 2 0
4140: 3 1 1
4141: 0 2 1
4142: 1 0 0
4143: 0 2 0
4144: 2 0 2
4145: 0 2 1
4146: 7 2 0
4147: 2 0 3
4148: 1 0 1
4149: 3 1 0
4150: 1 0 0
4151: 2 0 2
4152: 5 4 3
4153: 2 0 3
4154: 1 0 1
4155: 3 1 1
4156: 1 0 0
4157: 2 0 2
4158: 6 5 3
4159: 2 0 3
4160: 1 0 1
4161: 3 1 0
4162: 1 0 0
4163: 2 0 2
4164: 5 4 4
4165: 2 0 3
4166: 1 0 1
4167: 3 1 1
4168: 1 0 0
4169: 2 0 2
4170: 6 5 2
4171: 2 0 3
4172: 1 0 1
4173: 3 1 0
4174: 1 0 0
4175: 2 0 2
4176: 5 4 3
4177: 2 0 3
4178: 1 0 1
4179: 3 1 1
4180: 1 0 0
4181: 2 0 2
4182: 6 5 1
4183: 2 0 3
4184: 1 0 1
4185: 3 1 0
4186: 1 0 0
4187: 2 0 2
4188: 5 4 4
4189: 2 0 3
4190: 1 0 1
4191: 3 1 1
4192: 1 0 0
4193: 2 0 2
4194: 6 5 0
4195: 2 0 3
4196: 1 0 1
4197: 3 1 0
4198: 1 0 0
4199: 2 0 2
4200: 5 4 3
4201: 2 0 3
4202: 1 0 1
4203: 3 1 1
4204: 1 0 0
4205: 2 0 2
4206: 7 1 0
4207: 2 0 3
4208: 1 0 1
4209: 5 4 4
4210: 1 0 0
4211: 2 0 2
4212: 6 5 1
4213: 2 0 3
4214: 1 0 1
4215: 5 4 3
4216: 1 0 0
4217: 2 0 2
4218: 6 5 2
4219: 2 0 3
4220: 1 0 1
4221: 5 4 4
4222: 1 0 0
4223: 2 0 2
4224: 6 5 3
4225: 2 0 3
4226: 1 0 1
4227: 5 4 3
4228: 1 0 0
4229: 2 0 2
4230: 6 5 4
4231: 2 0 3
4232: 1 0 1
4233: 5 4 4
4234: 1 0 0
4235: 2 0 2
4236: 8 4 1
4237: 2 0 3
4238: 1 0 1
4239: 5 4 3
4240: 1 0 0
4241: 2 0 2
4242: 6 5 3
4243: 2 0 3
4244: 1 0 1
4245: 5 4 4
4246: 1 0 0
4247: 2 0 2
4248: 6 5 2
4249: 2 0 3
4250: 1 0 1
4251: 5 4 3
4252: 1 0 0
4253: 2 0 2
4254: 7 2 0
4255: 2 0 3
4256: 1 0 1
4257: 3 1 0
4258: 1 0 0
4259: 2 0 2
4260: 5 4 4
4261: 2 0 3
4262: 1 0 1
4263: 3 1 1
4264: 1 0 0
4265: 2 0 2
4266: 6 5 3
4267: 2 0 3
4268: 1 0 1
4269: 3 1 0
4270: 1 0 0
4271: 2 0 2
4272: 5 4 3
4273: 2 0 3
4274: 1 0 1
4275: 3 1 1
4276: 1 0 0
4277: 2 0 2
4278: 6 5 4
4279: 2 0 3
4280: 1 0 1
4281: 3 1 0
4282: 1 0 0
4283: 2 0 2
4284: 5 4 4
4285: 2 0 3
4286: 1 0 1
4287: 3 1 1
4288: 1 0 0
4289: 2 0 2
4290: 7 3 0
4291: 0 2 0
4292: 2 0 3
4293: 0 2 1
4294: 1 0 1
4295: 0 2 0
4296: 3 1 0
4297: 0 2 1
4298: 1 0 0
4299: 0 2 0
4300: 2 0 2
4301: 0 2 1
4302: 5 4 3
4303: 0 2 0
4304: 2 0 3
4305: 0 2 1
4306: 1 0 1
4307: 0 2 0
4308: 3 1 1
4309: 0 2 1
4310: 1 0 0
4311: 0 2 0
4312: 2 0 2
4313: 0 2 1
4314: 6 5 3
4315: 0 2 0
4316: 2 0 3
4317: 0 2 1
4318: 1 0 1
4319: 0 2 0
4320: 3 1 0
4321: 0 2 1
4322: 1 0 0
4323: 0 2 0
4324: 2 0 2
4325: 0 2 1
4326: 5 4 4
4327: 0 2 0
4328: 2 0 3
4329: 0 2 1
4330: 1 0 1
4331: 0 2 0
4332: 3 1 1
4333: 0 2 1
4334: 1 0 0
4335: 0 2 0
4336: 2 0 2
4337: 0 2 1
4338: 6 5 2
4339: 0 2 0
4340: 2 0 3
4341: 0 2 1
4342: 1 0 1
4343: 0 2 0
4344: 3 1 0
4345: 0 2 1
4346: 1 0 0
4347: 0 2 0
4348: 2 0 2
4349: 0 2 1
4350: 5 4 3
4351: 0 2 0
4352: 2 0 3
4353: 0 2 1
4354: 1 0 1
4355: 0 2 0
4356: 3 1 1
4357: 0 2 1
4358: 1 0 0
4359: 0 2 0
4360: 2 0 2
4361: 9 2 2
4362: 2 0 3
4363: 1 0 1
4364: 3 1 0
4365: 1 0 0
4366: 2 0 2
4367: 5 4 2
4368: 2 0 3
4369: 1 0 1
4370: 3 1 1
4371: 1 0 0
4372: 2 0 2
4373: 6 5 3
4374: 2 0 3
4375: 1 0 1
4376: 3 1 0
4377: 1 0 0
4378: 2 0 2
4379: 5 4 3
4380: 2 0 3
4381: 1 0 1
4382: 3 1 1
4383: 1 0 0
4384: 2 0 2
4385: 5 4 4
4386: 2 0 3
4387: 1 0 1
4388: 3 1 0
4389: 1 0 0
4390: 2 0 2
4391: 6 5 2
4392: 2 0 3
4393: 1 0 1
4394: 3 1 1
4395: 1 0 0
4396: 2 0 2
4397: 8 3 1
4398: 2 0 3
4399: 1 0 1
4400: 3 1 0
4401: 1 0 0
4402: 2 0 2
4403: 5 4 3
4404: 2 0 3
4405: 1 0 1
4406: 3 1 1
4407: 1 0 0
4408: 2 0 2
4409: 5 4 2
4410: 2 0 3
4411: 1 0 1
4412: 3 1 0
4413: 1 0 0
4414: 2 0 2
4415: 6 5 1
4416: 2 0 3
4417: 1 0 1
4418: 3 1 1
4419: 1 0 0
4420: 2 0 2
4421: 5 4 3
4422: 2 0 3
4423: 1 0 1
4424: 3 1 0
4425: 1 0 0
4426: 2 0 2
4427: 5 4 4
4428: 2 0 3
4429: 1 0 1
4430: 3 1 1
4431: 1 0 0
4432: 2 0 2
4433: 11 0 4
4434: 3 1 0
4435: 5 4 3
4436: 3 1 1
4437: 5 4 2
4438: 3 1 0
4439: 6 5 2
4440: 3 1 1
4441: 5 4 3
4442: 3 1 0
4443: 5 4 4
4444: 3 1 1
4445: 6 5 3
4446: 3 1 0
4447: 5 4 3
4448: 3 1 1
4449: 5 4 2
4450: 3 1 0
4451: 6 5 4
4452: 3 1 1
4453: 5 4 3
4454: 3 1 0
4455: 5 4 4
4456: 3 1 1
4457: 8 4 1
4458: 3 1 0
4459: 5 4 3
4460: 3 1 1
4461: 5 4 2
4462: 3 1 0
4463: 6 5 3
4464: 3 1 1
4465: 5 4 3
4466: 3 1 0
4467: 5 4 4
4468: 3 1 1
4469: 6 5 2
4470: 3 1 0
4471: 5 4 3
4472: 3 1 1
4473: 5 4 2
4474: 3 1 0
4475: 9 1 2
4476: 4 3 2
4477: 4 3 1
4478: 5 4 3
4479: 4 3 2
4480: 4 3 3
4481: 5 4 4
4482: 4 3 2
4483: 4 3 1
4484: 6 5 3
4485: 4 3 2
4486: 4 3 3
4487: 5 4 3
4488: 4 3 2
4489: 4 3 1
4490: 5 4 2
4491: 4 3 2
4492: 4 3 3
4493: 6 5 4
4494: 4 3 2
4495: 4 3 1
4496: 5 4 3
4497: 4 3 2
4498: 4 3 3
4499: 5 4 4
4500: 4 3 2
4501: 4 3 1
4502: 11 1 4
4503: 2 0 3
4504: 1 0 1
4505: 4 3 2
4506: 1 0 0
4507: 2 0 2
4508: 4 3 3
4509: 2 0 3
4510: 1 0 1
4511: 5 4 3
4512: 1 0 0
4513: 2 0 2
4514: 4 3 2
4515: 2 0 3
4516: 1 0 1
4517: 4 3 1
4518: 1 0 0
4519: 2 0 2
4520: 5 4 2
4521: 2 0 3
4522: 1 0 1
4523: 4 3 2
4524: 1 0 0
4525: 2 0 2
4526: 4 3 3
4527: 2 0 3
4528: 1 0 1
4529: 6 5 3
4530: 1 0 0
4531: 2 0 2
4532: 4 3 2
4533: 2 0 3
4534: 1 0 1
4535: 4 3 1
4536: 1 0 0
4537: 2 0 2
4538: 5 4 3
4539: 2 0 3
4540: 1 0 1
4541: 4 3 2
4542: 1 0 0
4543: 2 0 2
4544: 4 3 3
4545: 2 0 3
4546: 1 0 1
4547: 5 4 4
4548: 1 0 0
4549: 2 0 2
4550: 4 3 2
4551: 2 0 3
4552: 1 0 1
4553: 4 3 1
4554: 1 0 0
4555: 2 0 2
4556: 6 5 2
4557: 2 0 3
4558: 1 0 1
4559: 4 3 2
4560: 1 0 0
4561: 2 0 2
4562: 4 3 3
4563: 2 0 3
4564: 1 0 1
4565: 5 4 3
4566: 1 0 0
4567: 2 0 2
4568: 4 3 2
4569: 2 0 3
4570: 1 0 1
4571: 4 3 1
4572: 1 0 0
4573: 2 0 2
4574: 5 4 2
4575: 2 0 3
4576: 1 0 1
4577: 4 3 2
4578: 1 0 0
4579: 2 0 2
4580: 4 3 3
4581: 2 0 3
4582: 1 0 1
4583: 8 3 1
4584: 1 0 0
4585: 2 0 2
4586: 4 3 2
4587: 2 0 3
4588: 1 0 1
4589: 5 4 3
4590: 1 0 0
4591: 2 0 2
4592: 4 3 3
4593: 2 0 3
4594: 1 0 1
4595: 5 4 4
4596: 1 0 0
4597: 2 0 2
4598: 4 3 2
4599: 2 0 3
4600: 1 0 1
4601: 6 5 1
4602: 1 0 0
4603: 2 0 2
4604: 4 3 3
4605: 2 0 3
4606: 1 0 1
4607: 5 4 3
4608: 1 0 0
4609: 2 0 2
4610: 4 3 2
4611: 2 0 3
4612: 1 0 1
4613: 5 4 2
4614: 1 0 0
4615: 2 0 2
4616: 4 3 3
4617: 2 0 3
4618: 9 0 2
4619: 0 2 1
4620: 4 3 2
4621: 0 2 0
4622: 5 4 3
4623: 0 2 1
4624: 4 3 3
4625: 0 2 0
4626: 5 4 4
4627: 0 2 1
4628: 4 3 2
4629: 0 2 0
4630: 6 5 2
4631: 0 2 1
4632: 4 3 3
4633: 0 2 0
4634: 5 4 3
4635: 0 2 1
4636: 4 3 2
4637: 0 2 0
4638: 5 4 2
4639: 0 2 1
4640: 4 3 3
4641: 0 2 0
4642: 6 5 3
4643: 0 2 1
4644: 4 3 2
4645: 0 2 0
4646: 5 4 3
4647: 0 2 1
4648: 4 3 3
4649: 0 2 0
4650: 5 4 4
4651: 0 2 1
4652: 4 3 2
4653: 0 2 0
4654: 6 5 4
4655: 0 2 1
4656: 4 3 3
4657: 0 2 0
4658: 5 4 3
4659: 0 2 1
4660: 4 3 2
4661: 0 2 0
4662: 5 4 2
4663: 0 2 1
4664: 4 3 3
4665: 0 2 0
4666: 8 4 1
4667: 0 2 1
4668: 4 3 2
4669: 0 2 0
4670: 4 3 1
4671: 0 2 1
4672: 5 4 3
4673: 0 2 0
4674: 4 3 2
4675: 0 2 1
4676: 4 3 3
4677: 0 2 0
4678: 5 4 4
4679: 0 2 1
4680: 4 3 2
4681: 0 2 0
4682: 4 3 1
4683: 0 2 1
4684: 6 5 3
4685: 0 2 0
4686: 4 3 2
4687: 0 2 1
4688: 4 3 3
4689: 0 2 0
4690: 5 4 3
4691: 0 2 1
4692: 4 3 2
4693: 0 2 0
4694: 4 3 1
4695: 0 2 1
4696: 5 4 2
4697: 0 2 0
4698: 4 3 2
4699: 0 2 1
4700: 4 3 3
4701: 0 2 0
4702: 6 5 2
4703: 0 2 1
4704: 4 3 2
4705: 0 2 0
4706: 4 3 1
4707: 0 2 1
4708: 5 4 3
4709: 0 2 0
4710: 4 3 2
4711: 0 2 1
4712: 4 3 3
4713: 0 2 0
4714: 5 4 4
4715: 0 2 1
4716: 4 3 2
4717: 0 2 0
4718: 4 3 1
4719: 0 2 1
4720: 7 2 0
4721: 4 3 2
4722: 4 3 3
4723: 5 4 3
4724: 4 3 2
4725: 4 3 1
4726: 5 4 2
4727: 4 3 2
4728: 4 3 3
4729: 6 5 3
4730: 4 3 2
4731: 4 3 1
4732: 5 4 3
4733: 4 3 2
4734: 4 3 3
4735: 5 4 4
4736: 4 3 2
4737: 4 3 1
4738: 6 5 4
4739: 4 3 2
4740: 4 3 3
4741: 5 4 3
4742: 4 3 2
4743: 4 3 1
4744: 5 4 2
4745: 4 3 2
4746: 4 3 3
4747: 8 3 1
4748: 4 3 2
4749: 5 4 3
4750: 4 3 3
4751: 5 4 4
4752: 4 3 2
4753: 6 5 3
4754: 4 3 3
4755: 5 4 3
4756: 4 3 2
4757: 5 4 2
4758: 4 3 3
4759: 6 5 2
4760: 4 3 2
4761: 5 4 3
4762: 4 3 3
4763: 5 4 4
4764: 4 3 2
4765: 6 5 1
4766: 4 3 3
4767: 5 4 3
4768: 4 3 2
4769: 5 4 2
4770: 4 3 3
4771: 6 5 0
4772: 4 3 2
4773: 5 4 3
4774: 4 3 3
4775: 5 4 4
4776: 4 3 2
4777: 12 1 5
4778: 2 0 4
4779: 5 4 3
4780: 2 0 3
4781: 5 4 2
4782: 2 0 4
4783: 6 5 1
4784: 2 0 3
4785: 5 4 3
4786: 2 0 4
4787: 5 4 4
4788: 2 0 3
4789: 6 5 2
4790: 2 0 4
4791: 5 4 3
4792: 2 0 3
4793: 5 4 2
4794: 2 0 4
4795: 6 5 3
4796: 2 0 3
4797: 5 4 3
4798: 2 0 4
4799: 5 4 4
4800: 2 0 3
4801: 6 5 4
4802: 2 0 4
4803: 5 4 3
4804: 2 0 3
4805: 5 4 2
4806: 2 0 4
4807: 7 3 0
4808: 0 2 0
4809: 2 0 3
4810: 0 2 1
4811: 5 4 3
4812: 0 2 0
4813: 2 0 4
4814: 0 2 1
4815: 5 4 4
4816: 0 2 0
4817: 2 0 3
4818: 0 2 1
4819: 6 5 3
4820: 0 2 0
4821: 2 0 4
4822: 0 2 1
4823: 5 4 3
4824: 0 2 0
4825: 2 0 3
4826: 0 2 1
4827: 5 4 2
4828: 0 2 0
4829: 2 0 4
4830: 0 2 1
4831: 6 5 2
4832: 0 2 0
4833: 2 0 3
4834: 0 2 1
4835: 5 4 3
4836: 0 2 0
4837: 2 0 4
4838: 0 2 1
4839: 5 4 4
4840: 0 2 0
4841: 2 0 3
4842: 0 2 1
4843: 6 5 1
4844: 0 2 0
4845: 2 0 4
4846: 0 2 1
4847: 5 4 3
4848: 0 2 0
4849: 2 0 3
4850: 0 2 1
4851: 5 4 2
4852: 0 2 0
4853: 2 0 4
4854: 0 2 1
4855: 10 0 3
4856: 0 2 0
4857: 5 4 3
4858: 0 2 1
4859: 0 2 2
4860: 5 4 2
4861: 6 5 2
4862: 0 2 1
4863: 0 2 0
4864: 5 4 3
4865: 0 2 1
4866: 0 2 2
4867: 5 4 4
4868: 0 2 1
4869: 0 2 0
4870: 6 5 1
4871: 0 2 1
4872: 0 2 2
4873: 7 2 0
4874: 0 2 1
4875: 5 4 3
4876: 0 2 2
4877: 5 4 2
4878: 0 2 1
4879: 6 5 0
4880: 0 2 2
4881: 5 4 3
4882: 0 2 1
4883: 5 4 4
4884: 0 2 2
4885: 8 2 1
4886: 5 4 3
4887: 5 4 2
4888: 5 4 1
4889: 6 5 1
4890: 5 4 2
4891: 5 4 3
4892: 5 4 4
4893: 6 5 2
4894: 5 4 3
4895: 5 4 2
4896: 5 4 1
4897: 6 5 3
4898: 5 4 2
4899: 5 4 3
4900: 5 4 4
4901: 6 5 4
4902: 5 4 3
4903: 5 4 2
4904: 5 4 1
4905: 7 3 0
4906: 5 4 2
4907: 5 4 3
4908: 5 4 4
4909: 6 5 3
4910: 5 4 3
4911: 5 4 2
4912: 5 4 1
4913: 6 5 2
4914: 5 4 2
4915: 5 4 3
4916: 5 4 4
4917: 6 5 1
4918: 5 4 3
4919: 5 4 2
4920: 5 4 1
4921: 12 2 5
4922: 5 4 2
4923: 5 4 3
4924: 6 5 2
4925: 5 4 2
4926: 5 4 1
4927: 6 5 3
4928: 5 4 2
4929: 5 4 3
4930: 6 5 4
4931: 5 4 2
4932: 5 4 1
4933: 7 2 0
4934: 5 4 2
4935: 5 4 3
4936: 6 5 3
4937: 5 4 2
4938: 5 4 1
4939: 6 5 2
4940: 5 4 2
4941: 5 4 3
4942: 6 5 1
4943: 5 4 2
4944: 5 4 1
4945: 6 5 0
4946: 5 4 2
4947: 5 4 3
4948: 8 3 1
4949: 0 2 1
4950: 5 4 2
4951: 0 2 2
4952: 6 5 1
4953: 0 2 1
4954: 5 4 3
4955: 0 2 2
4956: 6 5 2
4957: 0 2 1
4958: 5 4 2
4959: 0 2 2
4960: 6 5 3
4961: 0 2 1
4962: 5 4 3
4963: 0 2 2
4964: 6 5 4
4965: 0 2 1
4966: 5 4 2
4967: 0 2 2
4968: 7 3 0
4969: 0 2 1
4970: 0 2 0
4971: 5 4 3
4972: 0 2 1
4973: 0 2 2
4974: 6 5 3
4975: 0 2 1
4976: 0 2 0
4977: 5 4 2
4978: 0 2 1
4979: 0 2 2
4980: 6 5 2
4981: 0 2 1
4982: 0 2 0
4983: 5 4 3
4984: 0 2 1
4985: 0 2 2
4986: 6 5 1
4987: 0 2 1
4988: 0 2 0
4989: 5 4 2
4990: 0 2 1
4991: 0 2 2
4992: 12 3 5
4993: 0 2 1
4994: 0 2 0
4995: 5 4 3
4996: 0 2 1
4997: 0 2 2
4998: 6 5 2
4999: 0 2 1
5000: 0 2 0
5001: 5 4 2
5002: 0 2 1
5003: 0 2 2
5004: 6 5 3
5005: 0 2 1
5006: 0 2 0
5007: 5 4 3
5008: 0 2 1
5009: 0 2 2
5010: 7 2 0
5011: 0 2 1
5012: 5 4 2
5013: 0 2 2
5014: 6 5 2
5015: 0 2 1
5016: 5 4 3
5017: 0 2 2
5018: 6 5 1
5019: 0 2 1
5020: 5 4 2
5021: 0 2 2
5022: 6 5 0
5023: 0 2 1
5024: 5 4 3
5025: 10 1 3
5026: 2 0 3
5027: 5 4 2
5028: 2 0 4
5029: 6 5 1
5030: 2 0 3
5031: 5 4 3
5032: 2 0 4
5033: 6 5 2
5034: 2 0 3
5035: 5 4 2
5036: 2 0 4
5037: 6 5 3
5038: 2 0 3
5039: 5 4 3
5040: 2 0 4
5041: 7 3 0
5042: 0 2 0
5043: 2 0 3
5044: 0 2 1
5045: 5 4 2
5046: 0 2 0
5047: 2 0 4
5048: 0 2 1
5049: 6 5 2
5050: 0 2 0
5051: 2 0 3
5052: 0 2 1
5053: 5 4 3
5054: 0 2 0
5055: 2 0 4
5056: 0 2 1
5057: 6 5 1
5058: 0 2 0
5059: 2 0 3
5060: 0 2 1
5061: 5 4 2
5062: 0 2 0
5063: 2 0 4
5064: 0 2 1
5065: 12 2 5
5066: 0 2 0
5067: 2 0 3
5068: 0 2 1
5069: 5 4 3
5070: 0 2 0
5071: 2 0 4
5072: 0 2 1
5073: 6 5 2
5074: 0 2 0
5075: 2 0 3
5076: 0 2 1
5077: 5 4 2
5078: 0 2 0
5079: 2 0 4
5080: 0 2 1
5081: 6 5 3
5082: 0 2 0
5083: 2 0 3
5084: 0 2 1
5085: 5 4 3
5086: 0 2 0
5087: 2 0 4
5088: 0 2 1
5089: 6 5 4
5090: 0 2 0
5091: 2 0 3
5092: 0 2 1
5093: 5 4 2
5094: 0 2 0
5095: 2 0 4
5096: 0 2 1
5097: 7 2 0
5098: 2 0 3
5099: 5 4 3
5100: 2 0 4
5101: 6 5 3
5102: 2 0 3
5103: 5 4 2
5104: 2 0 4
5105: 6 5 2
5106: 2 0 3
5107: 5 4 3
5108: 2 0 4
5109: 8 4 1
5110: 2 0 3
5111: 4 3 1
5112: 2 0 4
5113: 5 4 2
5114: 2 0 3
5115: 4 3 2
5116: 2 0 4
5117: 6 5 3
5118: 2 0 3
5119: 4 3 1
5120: 2 0 4
5121: 5 4 3
5122: 2 0 3
5123: 4 3 2
5124: 2 0 4
5125: 6 5 4
5126: 2 0 3
5127: 4 3 1
5128: 2 0 4
5129: 5 4 2
5130: 2 0 3
5131: 4 3 2
5132: 2 0 4
5133: 7 3 0
5134: 0 2 0
5135: 2 0 3
5136: 0 2 1
5137: 4 3 1
5138: 0 2 0
5139: 2 0 4
5140: 0 2 1
5141: 5 4 3
5142: 0 2 0
5143: 2 0 3
5144: 0 2 1
5145: 4 3 2
5146: 0 2 0
5147: 2 0 4
5148: 0 2 1
5149: 6 5 3
5150: 0 2 0
5151: 2 0 3
5152: 0 2 1
5153: 4 3 1
5154: 0 2 0
5155: 2 0 4
5156: 0 2 1
5157: 5 4 2
5158: 0 2 0
5159: 2 0 3
5160: 0 2 1
5161: 4 3 2
5162: 0 2 0
5163: 2 0 4
5164: 0 2 1
5165: 6 5 2
5166: 0 2 0
5167: 2 0 3
5168: 0 2 1
5169: 4 3 1
5170: 0 2 0
5171: 2 0 4
5172: 0 2 1
5173: 5 4 3
5174: 0 2 0
5175: 2 0 3
5176: 0 2 1
5177: 4 3 2
5178: 0 2 0
5179: 2 0 4
5180: 0 2 1
5181: 10 0 3
5182: 0 2 0
5183: 4 3 1
5184: 0 2 1
5185: 0 2 2
5186: 4 3 2
5187: 5 4 2
5188: 0 2 1
5189: 0 2 0
5190: 4 3 1
5191: 0 2 1
5192: 0 2 2
5193: 6 5 3
5194: 0 2 1
5195: 0 2 0
5196: 4 3 2
5197: 0 2 1
5198: 0 2 2
5199: 5 4 3
5200: 0 2 1
5201: 0 2 0
5202: 4 3 1
5203: 0 2 1
5204: 0 2 2
5205: 6 5 4
5206: 0 2 1
5207: 0 2 0
5208: 4 3 2
5209: 0 2 1
5210: 0 2 2
5211: 5 4 2
5212: 0 2 1
5213: 0 2 0
5214: 4 3 1
5215: 0 2 1
5216: 0 2 2
5217: 7 2 0
5218: 0 2 1
5219: 4 3 2
5220: 0 2 2
5221: 5 4 3
5222: 0 2 1
5223: 4 3 1
5224: 0 2 2
5225: 6 5 3
5226: 0 2 1
5227: 4 3 2
5228: 0 2 2
5229: 5 4 2
5230: 0 2 1
5231: 4 3 1
5232: 0 2 2
5233: 6 5 2
5234: 0 2 1
5235: 4 3 2
5236: 0 2 2
5237: 5 4 3
5238: 0 2 1
5239: 4 3 1
5240: 0 2 2
5241: 11 2 4
5242: 0 2 1
5243: 5 4 2
5244: 0 2 2
5245: 6 5 3
5246: 0 2 1
5247: 5 4 3
5248: 0 2 2
5249: 6 5 4
5250: 0 2 1
5251: 5 4 2
5252: 0 2 2
5253: 7 3 0
5254: 0 2 1
5255: 0 2 0
5256: 5 4 3
5257: 0 2 1
5258: 0 2 2
5259: 6 5 3
5260: 0 2 1
5261: 0 2 0
5262: 5 4 2
5263: 0 2 1
5264: 0 2 2
5265: 6 5 2
5266: 0 2 1
5267: 0 2 0
5268: 5 4 3
5269: 0 2 1
5270: 0 2 2
5271: 12 1 5
5272: 0 2 1
5273: 0 2 0
5274: 5 4 2
5275: 0 2 1
5276: 0 2 2
5277: 6 5 3
5278: 0 2 1
5279: 0 2 0
5280: 5 4 3
5281: 0 2 1
5282: 0 2 2
5283: 5 4 4
5284: 0 2 1
5285: 0 2 0
5286: 6 5 2
5287: 0 2 1
5288: 0 2 2
5289: 7 2 0
5290: 0 2 1
5291: 5 4 3
5292: 0 2 2
5293: 5 4 2
5294: 0 2 1
5295: 6 5 3
5296: 0 2 2
5297: 5 4 3
5298: 0 2 1
5299: 5 4 4
5300: 0 2 2
5301: 6 5 4
5302: 0 2 1
5303: 5 4 3
5304: 0 2 2
5305: 5 4 2
5306: 0 2 1
5307: 7 3 0
5308: 0 2 0
5309: 5 4 3
5310: 0 2 1
5311: 0 2 2
5312: 5 4 2
5313: 11 1 4
5314: 0 2 1
5315: 0 2 0
5316: 4 3 2
5317: 0 2 1
5318: 0 2 2
5319: 5 4 3
5320: 0 2 1
5321: 0 2 0
5322: 4 3 1
5323: 0 2 1
5324: 0 2 2
5325: 5 4 4
5326: 0 2 1
5327: 0 2 0
5328: 4 3 2
5329: 0 2 1
5330: 0 2 2
5331: 6 5 3
5332: 0 2 1
5333: 0 2 0
5334: 4 3 1
5335: 0 2 1
5336: 0 2 2
5337: 5 4 3
5338: 0 2 1
5339: 0 2 0
5340: 4 3 2
5341: 0 2 1
5342: 0 2 2
5343: 5 4 2
5344: 0 2 1
5345: 0 2 0
5346: 4 3 1
5347: 0 2 1
5348: 0 2 2
5349: 6 5 2
5350: 0 2 1
5351: 0 2 0
5352: 4 3 2
5353: 0 2 1
5354: 0 2 2
5355: 5 4 3
5356: 0 2 1
5357: 0 2 0
5358: 4 3 1
5359: 0 2 1
5360: 0 2 2
5361: 5 4 4
5362: 0 2 1
5363: 0 2 0
5364: 4 3 2
5365: 0 2 1
5366: 0 2 2
5367: 7 2 0
5368: 0 2 1
5369: 4 3 1
5370: 0 2 2
5371: 5 4 3
5372: 0 2 1
5373: 4 3 2
5374: 0 2 2
5375: 5 4 2
5376: 0 2 1
5377: 4 3 1
5378: 0 2 2
5379: 6 5 3
5380: 0 2 1
5381: 4 3 2
5382: 0 2 2
5383: 5 4 3
5384: 0 2 1
5385: 4 3 1
5386: 0 2 2
5387: 5 4 4
5388: 0 2 1
5389: 4 3 2
5390: 0 2 2
5391: 6 5 4
5392: 0 2 1
5393: 4 3 1
5394: 0 2 2
5395: 5 4 3
5396: 0 2 1
5397: 4 3 2
5398: 0 2 2
5399: 5 4 2
5400: 0 2 1
5401: 4 3 1
5402: 10 1 3
5403: 2 0 3
5404: 4 3 2
5405: 2 0 4
5406: 5 4 3
5407: 2 0 3
5408: 4 3 1
5409: 2 0 4
5410: 5 4 4
5411: 2 0 3
5412: 4 3 2
5413: 2 0 4
5414: 6 5 3
5415: 2 0 3
5416: 4 3 1
5417: 2 0 4
5418: 5 4 3
5419: 2 0 3
5420: 4 3 2
5421: 2 0 4
5422: 5 4 2
5423: 2 0 3
5424: 4 3 1
5425: 2 0 4
5426: 6 5 2
5427: 2 0 3
5428: 4 3 2
5429: 2 0 4
5430: 5 4 3
5431: 2 0 3
5432: 4 3 1
5433: 2 0 4
5434: 5 4 4
5435: 2 0 3
5436: 4 3 2
5437: 2 0 4
5438: 7 3 0
5439: 0 2 0
5440: 2 0 3
5441: 0 2 1
5442: 4 3 1
5443: 0 2 0
5444: 2 0 4
5445: 0 2 1
5446: 5 4 3
5447: 0 2 0
5448: 2 0 3
5449: 0 2 1
5450: 4 3 2
5451: 0 2 0
5452: 2 0 4
5453: 0 2 1
5454: 5 4 2
5455: 0 2 0
5456: 2 0 3
5457: 0 2 1
5458: 4 3 1
5459: 0 2 0
5460: 2 0 4
5461: 0 2 1
5462: 6 5 3
5463: 0 2 0
5464: 2 0 3
5465: 0 2 1
5466: 4 3 2
5467: 0 2 0
5468: 2 0 4
5469: 0 2 1
5470: 5 4 3
5471: 0 2 0
5472: 2 0 3
5473: 0 2 1
5474: 4 3 1
5475: 0 2 0
5476: 2 0 4
5477: 0 2 1
5478: 5 4 4
5479: 0 2 0
5480: 2 0 3
5481: 0 2 1
5482: 4 3 2
5483: 0 2 0
5484: 2 0 4
5485: 0 2 1
5486: 6 5 4
5487: 0 2 0
5488: 2 0 3
5489: 0 2 1
5490: 4 3 1
5491: 0 2 0
5492: 2 0 4
5493: 0 2 1
5494: 5 4 3
5495: 0 2 0
5496: 2 0 3
5497: 0 2 1
5498: 4 3 2
5499: 0 2 0
5500: 2 0 4
5501: 0 2 1
5502: 5 4 2
5503: 0 2 0
5504: 2 0 3
5505: 0 2 1
5506: 4 3 1
5507: 0 2 0
5508: 2 0 4
5509: 0 2 1
5510: 11 2 4
5511: 0 2 0
5512: 2 0 3
5513: 0 2 1
5514: 5 4 3
5515: 0 2 0
5516: 2 0 4
5517: 0 2 1
5518: 5 4 4
5519: 0 2 0
5520: 2 0 3
5521: 0 2 1
5522: 6 5 3
5523: 0 2 0
5524: 2 0 4
5525: 0 2 1
5526: 5 4 3
5527: 0 2 0
5528: 2 0 3
5529: 0 2 1
5530: 5 4 2
5531: 0 2 0
5532: 2 0 4
5533: 0 2 1
5534: 6 5 2
5535: 0 2 0
5536: 2 0 3
5537: 0 2 1
5538: 5 4 3
5539: 0 2 0
5540: 2 0 4
5541: 0 2 1
5542: 5 4 4
5543: 0 2 0
5544: 2 0 3
5545: 0 2 1
5546: 7 2 0
5547: 2 0 4
5548: 5 4 3
5549: 2 0 3
5550: 5 4 2
5551: 2 0 4
5552: 6 5 3
5553: 2 0 3
5554: 5 4 3
5555: 2 0 4
5556: 5 4 4
5557: 2 0 3
5558: 6 5 4
5559: 2 0 4
5560: 5 4 3
5561: 2 0 3
5562: 5 4 2
5563: 2 0 4
5564: 11 3 4
5565: 2 0 3
5566: 6 5 3
5567: 2 0 4
5568: 6 5 2
5569: 2 0 3
5570: 7 3 0
5571: 0 2 0
5572: 2 0 4
5573: 0 2 1
5574: 6 5 3
5575: 0 2 0
5576: 2 0 3
5577: 0 2 1
5578: 6 5 4
5579: 0 2 0
5580: 2 0 4
5581: 0 2 1
5582: 10 0 3
5583: 0 2 0
5584: 6 5 3
5585: 0 2 1
5586: 0 2 2
5587: 0 2 3
5588: 6 5 2
5589: 0 2 2
5590: 0 2 1
5591: 0 2 0
5592: 9 1 2
5593: 1 0 1
5594: 6 5 3
5595: 1 0 0
5596: 6 5 4
5597: 1 0 1
5598: 10 1 3
5599: 1 0 0
5600: 2 0 3
5601: 1 0 1
5602: 6 5 3
5603: 1 0 0
5604: 2 0 2
5605: 6 5 2
5606: 2 0 3
5607: 1 0 1
5608: 2 0 4
5609: 1 0 0
5610: 6 5 3
5611: 1 0 1
5612: 1 0 2
5613: 6 5 2
5614: 11 2 4
5615: 1 0 1
5616: 1 0 0
5617: 2 0 3
5618: 1 0 1
5619: 5 4 3
5620: 1 0 0
5621: 2 0 2
5622: 5 4 2
5623: 6 5 3
5624: 2 0 3
5625: 1 0 1
5626: 2 0 4
5627: 1 0 0
5628: 5 4 3
5629: 1 0 1
5630: 1 0 2
5631: 5 4 2
5632: 6 5 4
5633: 1 0 1
5634: 1 0 0
5635: 2 0 3
5636: 1 0 1
5637: 5 4 3
5638: 1 0 0
5639: 2 0 2
5640: 5 4 2
5641: 11 1 4
5642: 2 0 3
5643: 1 0 1
5644: 2 0 4
5645: 1 0 0
5646: 4 3 2
5647: 1 0 1
5648: 1 0 2
5649: 4 3 1
5650: 5 4 3
5651: 1 0 1
5652: 1 0 0
5653: 2 0 3
5654: 1 0 1
5655: 4 3 2
5656: 1 0 0
5657: 2 0 2
5658: 4 3 1
5659: 5 4 4
5660: 2 0 3
5661: 1 0 1
5662: 2 0 4
5663: 1 0 0
5664: 4 3 2
5665: 1 0 1
5666: 1 0 2
5667: 4 3 1
5668: 6 5 3
5669: 1 0 1
5670: 1 0 0
5671: 2 0 3
5672: 1 0 1
5673: 4 3 2
5674: 1 0 0
5675: 2 0 2
5676: 4 3 1
5677: 5 4 3
5678: 2 0 3
5679: 1 0 1
5680: 2 0 4
5681: 1 0 0
5682: 4 3 2
5683: 1 0 1
5684: 1 0 2
5685: 4 3 1
5686: 5 4 2
5687: 1 0 1
5688: 1 0 0
5689: 2 0 3
5690: 1 0 1
5691: 4 3 2
5692: 1 0 0
5693: 2 0 2
5694: 4 3 1
5695: 6 5 2
5696: 2 0 3
5697: 1 0 1
5698: 2 0 4
5699: 1 0 0
5700: 4 3 2
5701: 1 0 1
5702: 1 0 2
5703: 4 3 1
5704: 5 4 3
5705: 1 0 1
5706: 1 0 0
5707: 2 0 3
5708: 1 0 1
5709: 4 3 2
5710: 1 0 0
5711: 2 0 2
5712: 4 3 1
5713: 5 4 4
5714: 2 0 3
5715: 1 0 1
5716: 2 0 4
5717: 1 0 0
5718: 4 3 2
5719: 1 0 1
5720: 1 0 2
5721: 4 3 1
5722: 11 2 4
5723: 1 0 1
5724: 1 0 0
5725: 2 0 3
5726: 1 0 1
5727: 6 5 3
5728: 1 0 0
5729: 2 0 2
5730: 5 4 3
5731: 2 0 3
5732: 1 0 1
5733: 12 0 5
5734: 1 0 0
5735: 2 0 2
5736: 5 4 2
5737: 2 0 3
5738: 1 0 1
5739: 6 5 2
5740: 1 0 0
5741: 2 0 2
5742: 5 4 3
5743: 2 0 3
5744: 1 0 1
5745: 5 4 4
5746: 1 0 0
5747: 2 0 2
5748: 6 5 3
5749: 2 0 3
5750: 1 0 1
5751: 6 5 4
5752: 1 0 0
5753: 2 0 2
5754: 5 4 3
5755: 2 0 3
5756: 1 0 1
5757: 5 4 2
5758: 1 0 0
5759: 2 0 2
5760: 11 3 4
5761: 2 0 3
5762: 1 0 1
5763: 6 5 3
5764: 1 0 0
5765: 2 0 2
5766: 6 5 2
5767: 2 0 3
5768: 1 0 1
5769: 11 4 4
5770: 1 0 0
5771: 2 0 2
5772: 4 3 2
5773: 2 0 3
5774: 1 0 1
5775: 4 3 3
5776: 1 0 0
5777: 2 0 2
5778: 8 3 1
5779: 2 0 3
5780: 1 0 1
5781: 4 3 2
5782: 1 0 0
5783: 2 0 2
5784: 6 5 1
5785: 2 0 3
5786: 1 0 1
5787: 4 3 3
5788: 1 0 0
5789: 9 0 2
5790: 0 2 1
5791: 4 3 2
5792: 0 2 0
5793: 6 5 2
5794: 0 2 1
5795: 4 3 3
5796: 0 2 0
5797: 8 4 1
5798: 0 2 1
5799: 4 3 2
5800: 0 2 0
5801: 4 3 1
5802: 0 2 1
5803: 7 2 0
5804: 4 3 2
5805: 4 3 3
5806: 8 3 1
5807: 4 3 2
5808: 6 5 1
5809: 4 3 3
5810: 6 5 0
5811: 4 3 2
5812: 12 1 5
5813: 2 0 4
5814: 6 5 1
5815: 2 0 3
5816: 6 5 2
5817: 2 0 4
5818: 7 3 0
5819: 0 2 0
5820: 2 0 3
5821: 0 2 1
5822: 6 5 1
5823: 0 2 0
5824: 2 0 4
5825: 0 2 1
5826: 10 0 3
5827: 0 2 0
5828: 6 5 2
5829: 0 2 1
5830: 0 2 2
5831: 0 2 3
5832: 6 5 1
5833: 0 2 2
5834: 7 2 0
5835: 0 2 1
5836: 6 5 0
5837: 0 2 2
5838: 0 2 3
5839: 6 5 1
5840: 6 5 2
5841: 0 2 2
5842: 0 2 1
5843: 8 4 1
5844: 0 2 2
5845: 0 2 3
5846: 4 3 1
5847: 0 2 2
5848: 0 2 1
5849: 7 3 0
5850: 0 2 0
5851: 4 3 2
5852: 0 2 1
5853: 0 2 2
5854: 0 2 3
5855: 4 3 1
5856: 0 2 2
5857: 12 2 5
5858: 0 2 1
5859: 0 2 0
5860: 4 3 2
5861: 0 2 1
5862: 0 2 2
5863: 0 2 3
5864: 4 3 1
5865: 7 2 0
5866: 0 2 2
5867: 0 2 1
5868: 4 3 2
5869: 0 2 2
5870: 0 2 3
5871: 8 3 1
5872: 0 2 2
5873: 0 2 1
5874: 6 5 1
5875: 0 2 2
5876: 0 2 3
5877: 6 5 0
5878: 0 2 2
5879: 0 2 1
5880: 10 1 3
5881: 2 0 3
5882: 6 5 1
5883: 2 0 4
5884: 6 5 2
5885: 2 0 3
5886: 7 3 0
5887: 0 2 0
5888: 2 0 4
5889: 0 2 1
5890: 6 5 1
5891: 0 2 0
5892: 2 0 3
5893: 0 2 1
5894: 12 3 5
5895: 0 2 0
5896: 2 0 4
5897: 0 2 1
5898: 6 5 2
5899: 0 2 0
5900: 2 0 3
5901: 0 2 1
5902: 7 2 0
5903: 2 0 4
5904: 6 5 1
5905: 2 0 3
5906: 6 5 0
5907: 2 0 4
5908: 10 0 3
5909: 0 2 2
5910: 0 2 3
5911: 0 2 4