Algorithm Performed: DFS
Time Elapsed: 1.24 sec
Expanded Nodes: 4252
Memory Usage at peak: 4.8032 MB
Solution Steps: 3654 steps

0001: 1 0 2
0002: 4 0 0
0003: 0 2 0
0004: 1 0 3
0005: 0 2 1
0006: 5 2 0
0007: 1 0 2
0008: 9 2 4
0009: 1 0 3
0010: 5 3 0
0011: 0 2 0
0012: 1 0 2
0013: 0 2 1
0014: 4 1 0
0015: 1 0 3
0016: 5 4 0
0017: 1 0 2
0018: 2 3 0
0019: 1 0 3
0020: 4 0 0
0021: 0 2 0
0022: 1 0 2
0023: 0 2 1
0024: 2 3 1
0025: 0 2 0
0026: 1 0 3
0027: 0 2 1
0028: 9 1 4
0029: 0 2 0
0030: 1 0 2
0031: 0 2 1
0032: 2 3 0
0033: 0 2 0
0034: 1 0 3
0035: 0 2 1
0036: 4 1 0
0037: 1 0 2
0038: 2 3 1
0039: 1 0 3
0040: 4 2 0
0041: 1 0 2
0042: 9 2 4
0043: 1 0 3
0044: 10 1 5
0045: 1 0 2
0046: 4 1 0
0047: 1 0 3
0048: 2 3 0
0049: 1 0 2
0050: 4 0 0
0051: 0 2 0
0052: 1 0 3
0053: 0 2 1
0054: 2 3 1
0055: 0 2 0
0056: 1 0 2
0057: 0 2 1
0058: 5 3 0
0059: 0 2 0
0060: 1 0 3
0061: 0 2 1
0062: 4 1 0
0063: 1 0 2
0064: 9 1 4
0065: 1 0 3
0066: 4 0 0
0067: 0 2 0
0068: 1 0 2
0069: 0 2 1
0070: 5 2 0
0071: 1 0 3
0072: 9 2 4
0073: 1 0 2
0074: 10 0 5
0075: 5 3 0
0076: 0 2 0
0077: 5 4 0
0078: 0 2 1
0079: 2 3 0
0080: 0 2 0
0081: 8 2 3
0082: 0 2 1
0083: 4 1 0
0084: 8 1 3
0085: 2 3 1
0086: 4 2 0
0087: 9 1 4
0088: 4 1 0
0089: 2 3 0
0090: 4 0 0
0091: 0 2 0
0092: 2 3 1
0093: 0 2 1
0094: 5 3 0
0095: 0 2 0
0096: 11 3 5
0097: 0 2 1
0098: 3 5 4
0099: 0 2 0
0100: 5 4 0
0101: 0 2 1
0102: 2 3 0
0103: 0 2 0
0104: 3 5 3
0105: 0 2 1
0106: 2 3 1
0107: 0 2 0
0108: 9 2 4
0109: 0 2 1
0110: 2 3 0
0111: 0 2 0
0112: 3 5 4
0113: 0 2 1
0114: 2 3 1
0115: 0 2 0
0116: 5 3 0
0117: 0 2 1
0118: 3 5 3
0119: 0 2 0
0120: 10 1 5
0121: 0 2 1
0122: 1 0 3
0123: 0 2 0
0124: 3 5 4
0125: 0 2 1
0126: 1 0 2
0127: 0 2 0
0128: 5 4 0
0129: 0 2 1
0130: 1 0 3
0131: 0 2 0
0132: 2 3 0
0133: 0 2 1
0134: 1 0 2
0135: 0 2 0
0136: 3 5 3
0137: 0 2 1
0138: 1 0 3
0139: 0 2 0
0140: 2 3 1
0141: 0 2 1
0142: 1 0 2
0143: 0 2 0
0144: 9 1 4
0145: 0 2 1
0146: 1 0 3
0147: 0 2 0
0148: 2 3 0
0149: 0 2 1
0150: 1 0 2
0151: 0 2 0
0152: 3 5 4
0153: 0 2 1
0154: 1 0 3
0155: 0 2 0
0156: 2 3 1
0157: 0 2 1
0158: 1 0 2
0159: 0 2 0
0160: 5 3 0
0161: 0 2 1
0162: 1 0 3
0163: 0 2 0
0164: 3 5 3
0165: 0 2 1
0166: 1 0 2
0167: 4 1 0
0168: 1 0 3
0169: 3 5 4
0170: 1 0 2
0171: 5 4 0
0172: 1 0 3
0173: 2 3 0
0174: 1 0 2
0175: 3 5 3
0176: 1 0 3
0177: 2 3 1
0178: 1 0 2
0179: 4 2 0
0180: 1 0 3
0181: 3 5 4
0182: 1 0 2
0183: 9 2 4
0184: 1 0 3
0185: 3 5 3
0186: 1 0 2
0187: 4 1 0
0188: 1 0 3
0189: 2 3 0
0190: 1 0 2
0191: 3 5 4
0192: 1 0 3
0193: 2 3 1
0194: 1 0 2
0195: 5 3 0
0196: 1 0 3
0197: 3 5 3
0198: 1 0 2
0199: 10 0 5
0200: 3 5 4
0201: 5 4 0
0202: 2 3 0
0203: 3 5 3
0204: 2 3 1
0205: 4 2 0
0206: 3 5 4
0207: 9 1 4
0208: 3 5 3
0209: 4 1 0
0210: 2 3 0
0211: 3 5 4
0212: 2 3 1
0213: 5 3 0
0214: 3 5 3
0215: 11 2 5
0216: 3 5 4
0217: 4 0 0
0218: 0 2 0
0219: 3 5 3
0220: 0 2 1
0221: 5 2 0
0222: 3 5 4
0223: 9 2 4
0224: 3 5 3
0225: 5 3 0
0226: 0 2 0
0227: 3 5 4
0228: 0 2 1
0229: 4 1 0
0230: 3 5 3
0231: 5 4 0
0232: 2 3 0
0233: 3 5 4
0234: 2 3 1
0235: 4 0 0
0236: 0 2 0
0237: 2 3 0
0238: 0 2 1
0239: 3 5 3
0240: 0 2 0
0241: 2 3 1
0242: 0 2 1
0243: 9 1 4
0244: 0 2 0
0245: 2 3 0
0246: 0 2 1
0247: 3 5 4
0248: 0 2 0
0249: 2 3 1
0250: 0 2 1
0251: 4 1 0
0252: 2 3 0
0253: 3 5 3
0254: 8 2 3
0255: 3 5 4
0256: 4 0 0
0257: 0 2 0
0258: 3 5 3
0259: 0 2 1
0260: 8 3 3
0261: 0 2 0
0262: 3 5 4
0263: 0 2 1
0264: 0 2 2
0265: 3 5 3
0266: 4 1 0
0267: 0 2 1
0268: 3 5 4
0269: 0 2 2
0270: 6 1 1
0271: 1 0 1
0272: 1 0 0
0273: 3 5 3
0274: 1 0 1
0275: 1 0 2
0276: 4 0 0
0277: 1 0 1
0278: 3 5 4
0279: 1 0 2
0280: 8 4 3
0281: 1 0 1
0282: 2 3 1
0283: 1 0 2
0284: 4 1 0
0285: 1 0 1
0286: 1 0 0
0287: 2 3 0
0288: 1 0 1
0289: 1 0 2
0290: 6 0 1
0291: 0 2 1
0292: 2 3 1
0293: 0 2 2
0294: 4 0 0
0295: 0 2 1
0296: 0 2 0
0297: 2 3 0
0298: 0 2 1
0299: 0 2 2
0300: 9 2 4
0301: 0 2 1
0302: 0 2 0
0303: 2 3 1
0304: 0 2 1
0305: 0 2 2
0306: 4 1 0
0307: 0 2 1
0308: 2 3 0
0309: 0 2 2
0310: 6 1 1
0311: 1 0 1
0312: 1 0 0
0313: 2 3 1
0314: 1 0 1
0315: 1 0 2
0316: 4 0 0
0317: 1 0 1
0318: 2 3 0
0319: 1 0 2
0320: 8 3 3
0321: 1 0 1
0322: 3 5 3
0323: 1 0 2
0324: 4 1 0
0325: 1 0 1
0326: 1 0 0
0327: 3 5 4
0328: 1 0 1
0329: 1 0 2
0330: 6 0 1
0331: 0 2 1
0332: 3 5 3
0333: 0 2 2
0334: 4 0 0
0335: 0 2 1
0336: 0 2 0
0337: 3 5 4
0338: 0 2 1
0339: 0 2 2
0340: 11 3 5
0341: 0 2 1
0342: 0 2 0
0343: 3 5 3
0344: 0 2 1
0345: 0 2 2
0346: 4 1 0
0347: 0 2 1
0348: 3 5 4
0349: 0 2 2
0350: 6 1 1
0351: 1 0 1
0352: 1 0 0
0353: 3 5 3
0354: 1 0 1
0355: 1 0 2
0356: 4 0 0
0357: 1 0 1
0358: 3 5 4
0359: 1 0 2
0360: 8 4 3
0361: 1 0 1
0362: 2 3 1
0363: 1 0 2
0364: 4 1 0
0365: 1 0 1
0366: 1 0 0
0367: 2 3 0
0368: 1 0 1
0369: 1 0 2
0370: 6 0 1
0371: 0 2 1
0372: 2 3 1
0373: 0 2 2
0374: 4 0 0
0375: 0 2 1
0376: 0 2 0
0377: 2 3 0
0378: 0 2 1
0379: 0 2 2
0380: 9 1 4
0381: 0 2 1
0382: 0 2 0
0383: 2 3 1
0384: 0 2 1
0385: 0 2 2
0386: 4 1 0
0387: 0 2 1
0388: 2 3 0
0389: 0 2 2
0390: 6 1 1
0391: 1 0 1
0392: 1 0 0
0393: 2 3 1
0394: 1 0 1
0395: 1 0 2
0396: 4 0 0
0397: 1 0 1
0398: 2 3 0
0399: 1 0 2
0400: 8 3 3
0401: 1 0 1
0402: 3 5 3
0403: 1 0 2
0404: 4 1 0
0405: 1 0 1
0406: 1 0 0
0407: 3 5 4
0408: 1 0 1
0409: 1 0 2
0410: 6 0 1
0411: 0 2 1
0412: 3 5 3
0413: 0 2 2
0414: 4 0 0
0415: 0 2 1
0416: 0 2 0
0417: 3 5 4
0418: 0 2 1
0419: 0 2 2
0420: 10 1 5
0421: 0 2 1
0422: 0 2 0
0423: 1 0 3
0424: 0 2 1
0425: 0 2 2
0426: 3 5 3
0427: 0 2 1
0428: 0 2 0
0429: 1 0 2
0430: 0 2 1
0431: 0 2 2
0432: 4 1 0
0433: 0 2 1
0434: 1 0 3
0435: 0 2 2
0436: 3 5 4
0437: 0 2 1
0438: 1 0 2
0439: 0 2 2
0440: 6 1 1
0441: 1 0 1
0442: 1 0 0
0443: 3 5 3
0444: 1 0 1
0445: 1 0 2
0446: 1 0 3
0447: 3 5 4
0448: 4 0 0
0449: 1 0 2
0450: 1 0 1
0451: 3 5 3
0452: 1 0 2
0453: 1 0 3
0454: 9 2 4
0455: 1 0 2
0456: 1 0 1
0457: 3 5 4
0458: 1 0 2
0459: 1 0 3
0460: 4 1 0
0461: 1 0 2
0462: 1 0 1
0463: 1 0 0
0464: 3 5 3
0465: 1 0 1
0466: 1 0 2
0467: 1 0 3
0468: 6 0 1
0469: 0 2 1
0470: 1 0 2
0471: 0 2 2
0472: 3 5 4
0473: 0 2 1
0474: 1 0 3
0475: 0 2 2
0476: 4 0 0
0477: 0 2 1
0478: 0 2 0
0479: 1 0 2
0480: 0 2 1
0481: 0 2 2
0482: 3 5 3
0483: 0 2 1
0484: 0 2 0
0485: 1 0 3
0486: 0 2 1
0487: 0 2 2
0488: 11 4 5
0489: 0 2 1
0490: 0 2 0
0491: 1 0 2
0492: 0 2 1
0493: 0 2 2
0494: 4 1 0
0495: 0 2 1
0496: 1 0 3
0497: 0 2 2
0498: 6 1 1
0499: 1 0 2
0500: 1 0 1
0501: 1 0 0
0502: 9 1 4
0503: 1 0 1
0504: 1 0 2
0505: 1 0 3
0506: 4 0 0
0507: 1 0 2
0508: 1 0 1
0509: 9 0 4
0510: 4 1 0
0511: 1 0 0
0512: 10 0 5
0513: 1 0 1
0514: 4 0 0
0515: 11 3 5
0516: 3 5 4
0517: 4 1 0
0518: 1 0 0
0519: 3 5 3
0520: 1 0 1
0521: 10 1 5
0522: 1 0 0
0523: 3 5 4
0524: 1 0 1
0525: 4 0 0
0526: 8 4 3
0527: 2 3 1
0528: 2 3 2
0529: 4 1 0
0530: 1 0 0
0531: 2 3 1
0532: 1 0 1
0533: 2 3 0
0534: 1 0 0
0535: 9 1 4
0536: 1 0 1
0537: 1 0 2
0538: 1 0 3
0539: 2 3 1
0540: 1 0 2
0541: 1 0 1
0542: 1 0 0
0543: 4 2 0
0544: 1 0 1
0545: 1 0 2
0546: 1 0 3
0547: 6 0 1
0548: 0 2 1
0549: 1 0 2
0550: 0 2 2
0551: 4 1 0
0552: 0 2 1
0553: 1 0 3
0554: 0 2 2
0555: 2 3 0
0556: 0 2 1
0557: 1 0 2
0558: 0 2 2
0559: 4 0 0
0560: 0 2 1
0561: 0 2 0
0562: 1 0 3
0563: 0 2 1
0564: 0 2 2
0565: 2 3 1
0566: 0 2 1
0567: 0 2 0
0568: 1 0 2
0569: 0 2 1
0570: 0 2 2
0571: 5 3 0
0572: 0 2 1
0573: 0 2 0
0574: 1 0 3
0575: 0 2 1
0576: 0 2 2
0577: 4 1 0
0578: 0 2 1
0579: 1 0 2
0580: 0 2 2
0581: 6 1 1
0582: 1 0 1
0583: 1 0 0
0584: 9 0 4
0585: 1 0 1
0586: 2 3 2
0587: 1 0 0
0588: 6 2 1
0589: 1 0 1
0590: 4 0 0
0591: 5 2 0
0592: 6 1 1
0593: 2 3 1
0594: 5 3 0
0595: 2 3 2
0596: 10 0 5
0597: 2 3 1
0598: 4 1 0
0599: 1 0 0
0600: 2 3 2
0601: 1 0 1
0602: 5 4 0
0603: 1 0 0
0604: 2 3 1
0605: 1 0 1
0606: 2 3 0
0607: 1 0 0
0608: 11 2 5
0609: 1 0 1
0610: 2 3 1
0611: 1 0 0
0612: 2 3 2
0613: 1 0 1
0614: 4 0 0
0615: 2 3 1
0616: 2 3 0
0617: 11 3 5
0618: 2 3 1
0619: 2 3 2
0620: 6 2 1
0621: 4 1 0
0622: 1 0 0
0623: 4 2 0
0624: 1 0 1
0625: 6 1 1
0626: 1 0 0
0627: 2 3 1
0628: 1 0 1
0629: 9 1 4
0630: 1 0 0
0631: 9 2 4
0632: 1 0 1
0633: 1 0 2
0634: 6 0 1
0635: 0 2 1
0636: 9 1 4
0637: 0 2 2
0638: 6 1 1
0639: 11 2 5
0640: 1 0 1
0641: 1 0 0
0642: 9 0 4
0643: 1 0 1
0644: 2 3 2
0645: 1 0 0
0646: 6 2 1
0647: 1 0 1
0648: 4 1 0
0649: 1 0 0
0650: 5 3 0
0651: 1 0 1
0652: 4 0 0
0653: 5 2 0
0654: 6 1 1
0655: 2 3 1
0656: 5 3 0
0657: 2 3 2
0658: 4 1 0
0659: 1 0 0
0660: 2 3 1
0661: 1 0 1
0662: 9 1 4
0663: 1 0 0
0664: 9 2 4
0665: 1 0 1
0666: 1 0 2
0667: 4 0 0
0668: 1 0 1
0669: 5 2 0
0670: 1 0 2
0671: 6 0 1
0672: 0 2 1
0673: 5 3 0
0674: 0 2 0
0675: 9 1 4
0676: 0 2 1
0677: 0 2 2
0678: 4 1 0
0679: 0 2 1
0680: 9 2 4
0681: 0 2 2
0682: 4 0 0
0683: 11 3 5
0684: 0 2 1
0685: 0 2 0
0686: 9 1 4
0687: 0 2 1
0688: 0 2 2
0689: 4 1 0
0690: 0 2 1
0691: 9 2 4
0692: 0 2 2
0693: 6 1 1
0694: 1 0 1
0695: 1 0 0
0696: 9 1 4
0697: 1 0 1
0698: 1 0 2
0699: 4 0 0
0700: 1 0 1
0701: 5 2 0
0702: 9 0 4
0703: 2 3 2
0704: 6 2 1
0705: 5 3 0
0706: 4 1 0
0707: 1 0 0
0708: 6 3 1
0709: 0 2 1
0710: 1 0 1
0711: 0 2 2
0712: 4 0 0
0713: 0 2 1
0714: 0 2 0
0715: 5 4 0
0716: 0 2 1
0717: 0 2 2
0718: 4 1 0
0719: 0 2 1
0720: 1 0 0
0721: 0 2 2
0722: 4 2 0
0723: 0 2 1
0724: 1 0 1
0725: 0 2 2
0726: 6 4 1
0727: 0 2 1
0728: 1 0 0
0729: 0 2 2
0730: 2 3 1
0731: 0 2 1
0732: 1 0 1
0733: 0 2 2
0734: 4 1 0
0735: 0 2 1
0736: 1 0 0
0737: 0 2 2
0738: 2 3 0
0739: 0 2 1
0740: 1 0 1
0741: 0 2 2
0742: 4 0 0
0743: 0 2 1
0744: 0 2 0
0745: 2 3 1
0746: 0 2 1
0747: 0 2 2
0748: 2 3 2
0749: 0 2 1
0750: 0 2 0
0751: 5 3 0
0752: 0 2 1
0753: 0 2 2
0754: 2 3 1
0755: 0 2 1
0756: 0 2 0
0757: 9 1 4
0758: 0 2 1
0759: 0 2 2
0760: 1 0 2
0761: 0 2 1
0762: 0 2 0
0763: 5 4 0
0764: 0 2 1
0765: 0 2 2
0766: 1 0 1
0767: 0 2 1
0768: 0 2 0
0769: 2 3 0
0770: 0 2 1
0771: 0 2 2
0772: 1 0 2
0773: 0 2 1
0774: 0 2 0
0775: 8 3 3
0776: 0 2 1
0777: 0 2 2
0778: 1 0 1
0779: 0 2 1
0780: 0 2 0
0781: 3 5 3
0782: 0 2 1
0783: 0 2 2
0784: 1 0 2
0785: 0 2 1
0786: 0 2 0
0787: 8 2 3
0788: 0 2 1
0789: 1 0 1
0790: 0 2 0
0791: 3 5 4
0792: 0 2 1
0793: 1 0 2
0794: 0 2 0
0795: 8 1 3
0796: 0 2 1
0797: 1 0 1
0798: 0 2 0
0799: 2 3 1
0800: 0 2 1
0801: 1 0 2
0802: 0 2 0
0803: 3 5 3
0804: 0 2 1
0805: 1 0 1
0806: 0 2 0
0807: 2 3 0
0808: 0 2 1
0809: 1 0 2
0810: 0 2 0
0811: 9 2 4
0812: 0 2 1
0813: 1 0 1
0814: 0 2 0
0815: 2 3 1
0816: 0 2 1
0817: 1 0 2
0818: 0 2 0
0819: 3 5 4
0820: 0 2 1
0821: 1 0 1
0822: 0 2 0
0823: 2 3 0
0824: 0 2 1
0825: 1 0 2
0826: 0 2 0
0827: 8 2 3
0828: 0 2 1
0829: 1 0 1
0830: 0 2 0
0831: 3 5 3
0832: 0 2 1
0833: 1 0 2
0834: 0 2 0
0835: 8 3 3
0836: 0 2 1
0837: 0 2 2
0838: 1 0 1
0839: 0 2 1
0840: 0 2 0
0841: 3 5 4
0842: 0 2 1
0843: 0 2 2
0844: 1 0 2
0845: 0 2 1
0846: 0 2 0
0847: 8 4 3
0848: 0 2 1
0849: 0 2 2
0850: 1 0 1
0851: 0 2 1
0852: 0 2 0
0853: 2 3 1
0854: 0 2 1
0855: 0 2 2
0856: 1 0 2
0857: 0 2 1
0858: 0 2 0
0859: 5 3 0
0860: 0 2 1
0861: 0 2 2
0862: 1 0 1
0863: 0 2 1
0864: 0 2 0
0865: 10 1 5
0866: 0 2 1
0867: 0 2 2
0868: 1 0 2
0869: 0 2 1
0870: 0 2 0
0871: 1 0 3
0872: 0 2 1
0873: 0 2 2
0874: 4 1 0
0875: 0 2 1
0876: 1 0 2
0877: 0 2 2
0878: 1 0 1
0879: 0 2 1
0880: 1 0 0
0881: 0 2 2
0882: 5 4 0
0883: 0 2 1
0884: 1 0 1
0885: 0 2 2
0886: 1 0 2
0887: 0 2 1
0888: 1 0 3
0889: 0 2 2
0890: 2 3 0
0891: 0 2 1
0892: 1 0 2
0893: 0 2 2
0894: 1 0 1
0895: 0 2 1
0896: 1 0 0
0897: 0 2 2
0898: 8 3 3
0899: 0 2 1
0900: 1 0 1
0901: 0 2 2
0902: 1 0 2
0903: 0 2 1
0904: 1 0 3
0905: 0 2 2
0906: 3 5 3
0907: 0 2 1
0908: 1 0 2
0909: 0 2 2
0910: 1 0 1
0911: 0 2 1
0912: 1 0 0
0913: 0 2 2
0914: 9 1 4
0915: 0 2 1
0916: 1 0 1
0917: 0 2 2
0918: 1 0 2
0919: 0 2 1
0920: 1 0 3
0921: 0 2 2
0922: 3 5 4
0923: 0 2 1
0924: 1 0 2
0925: 0 2 2
0926: 1 0 1
0927: 0 2 1
0928: 1 0 0
0929: 0 2 2
0930: 8 4 3
0931: 0 2 1
0932: 1 0 1
0933: 0 2 2
0934: 1 0 2
0935: 0 2 1
0936: 1 0 3
0937: 0 2 2
0938: 2 3 1
0939: 0 2 1
0940: 1 0 2
0941: 0 2 2
0942: 1 0 1
0943: 0 2 1
0944: 1 0 0
0945: 0 2 2
0946: 4 2 0
0947: 0 2 1
0948: 1 0 1
0949: 0 2 2
0950: 1 0 2
0951: 0 2 1
0952: 1 0 3
0953: 0 2 2
0954: 9 2 4
0955: 0 2 1
0956: 1 0 2
0957: 0 2 2
0958: 1 0 1
0959: 0 2 1
0960: 1 0 0
0961: 0 2 2
0962: 10 0 5
0963: 0 2 1
0964: 1 0 1
0965: 0 2 2
0966: 1 0 2
0967: 0 2 1
0968: 4 1 0
0969: 0 2 2
0970: 1 0 1
0971: 0 2 1
0972: 1 0 0
0973: 0 2 2
0974: 2 3 0
0975: 0 2 1
0976: 1 0 1
0977: 0 2 2
0978: 1 0 2
0979: 0 2 1
0980: 8 3 3
0981: 0 2 2
0982: 1 0 1
0983: 0 2 1
0984: 1 0 0
0985: 0 2 2
0986: 3 5 3
0987: 0 2 1
0988: 1 0 1
0989: 0 2 2
0990: 1 0 2
0991: 0 2 1
0992: 8 2 3
0993: 1 0 1
0994: 1 0 0
0995: 3 5 4
0996: 1 0 1
0997: 1 0 2
0998: 8 1 3
0999: 1 0 1
1000: 1 0 0
1001: 2 3 1
1002: 1 0 1
1003: 1 0 2
1004: 3 5 3
1005: 1 0 1
1006: 1 0 0
1007: 2 3 0
1008: 1 0 1
1009: 1 0 2
1010: 9 1 4
1011: 1 0 1
1012: 1 0 0
1013: 2 3 1
1014: 1 0 1
1015: 1 0 2
1016: 3 5 4
1017: 1 0 1
1018: 1 0 0
1019: 2 3 0
1020: 1 0 1
1021: 1 0 2
1022: 8 2 3
1023: 1 0 1
1024: 1 0 0
1025: 3 5 3
1026: 1 0 1
1027: 1 0 2
1028: 8 3 3
1029: 0 2 2
1030: 1 0 1
1031: 0 2 1
1032: 1 0 0
1033: 0 2 2
1034: 3 5 4
1035: 0 2 1
1036: 1 0 1
1037: 0 2 2
1038: 1 0 2
1039: 0 2 1
1040: 8 4 3
1041: 0 2 2
1042: 1 0 1
1043: 0 2 1
1044: 1 0 0
1045: 0 2 2
1046: 2 3 1
1047: 0 2 1
1048: 1 0 1
1049: 0 2 2
1050: 1 0 2
1051: 0 2 1
1052: 4 2 0
1053: 0 2 2
1054: 1 0 1
1055: 0 2 1
1056: 1 0 0
1057: 0 2 2
1058: 11 2 5
1059: 0 2 1
1060: 1 0 1
1061: 0 2 2
1062: 1 0 2
1063: 0 2 1
1064: 4 1 0
1065: 0 2 2
1066: 1 0 1
1067: 0 2 1
1068: 1 0 0
1069: 0 2 2
1070: 2 3 0
1071: 0 2 1
1072: 1 0 1
1073: 0 2 2
1074: 1 0 2
1075: 0 2 1
1076: 4 0 0
1077: 0 2 0
1078: 1 0 1
1079: 0 2 1
1080: 0 2 2
1081: 1 0 2
1082: 2 3 1
1083: 0 2 1
1084: 0 2 0
1085: 1 0 1
1086: 0 2 1
1087: 0 2 2
1088: 5 3 0
1089: 0 2 1
1090: 0 2 0
1091: 1 0 2
1092: 0 2 1
1093: 0 2 2
1094: 4 1 0
1095: 0 2 1
1096: 1 0 1
1097: 0 2 2
1098: 1 0 0
1099: 0 2 1
1100: 9 0 4
1101: 0 2 2
1102: 1 0 1
1103: 0 2 1
1104: 2 3 2
1105: 0 2 2
1106: 1 0 0
1107: 0 2 1
1108: 5 4 0
1109: 0 2 2
1110: 1 0 1
1111: 0 2 1
1112: 2 3 1
1113: 0 2 2
1114: 1 0 0
1115: 0 2 1
1116: 2 3 0
1117: 0 2 2
1118: 1 0 1
1119: 0 2 1
1120: 4 0 0
1121: 0 2 0
1122: 2 3 1
1123: 0 2 1
1124: 0 2 2
1125: 2 3 0
1126: 8 3 3
1127: 0 2 1
1128: 0 2 0
1129: 3 5 3
1130: 0 2 1
1131: 0 2 2
1132: 4 1 0
1133: 0 2 1
1134: 1 0 0
1135: 0 2 2
1136: 3 5 4
1137: 0 2 1
1138: 1 0 1
1139: 0 2 2
1140: 9 1 4
1141: 0 2 1
1142: 1 0 0
1143: 0 2 2
1144: 3 5 3
1145: 0 2 1
1146: 1 0 1
1147: 0 2 2
1148: 1 0 2
1149: 0 2 1
1150: 3 5 4
1151: 0 2 2
1152: 4 0 0
1153: 0 2 1
1154: 0 2 0
1155: 1 0 1
1156: 0 2 1
1157: 0 2 2
1158: 3 5 3
1159: 0 2 1
1160: 0 2 0
1161: 1 0 2
1162: 0 2 1
1163: 0 2 2
1164: 9 2 4
1165: 0 2 1
1166: 0 2 0
1167: 1 0 1
1168: 0 2 1
1169: 0 2 2
1170: 3 5 4
1171: 0 2 1
1172: 0 2 0
1173: 1 0 2
1174: 0 2 1
1175: 0 2 2
1176: 4 1 0
1177: 0 2 1
1178: 1 0 1
1179: 0 2 2
1180: 1 0 0
1181: 0 2 1
1182: 3 5 3
1183: 0 2 2
1184: 1 0 1
1185: 0 2 1
1186: 1 0 2
1187: 8 2 3
1188: 1 0 1
1189: 1 0 0
1190: 3 5 4
1191: 1 0 1
1192: 1 0 2
1193: 4 0 0
1194: 0 2 0
1195: 1 0 1
1196: 0 2 1
1197: 3 5 3
1198: 0 2 0
1199: 1 0 2
1200: 0 2 1
1201: 8 1 3
1202: 0 2 0
1203: 1 0 1
1204: 0 2 1
1205: 2 3 1
1206: 0 2 0
1207: 1 0 2
1208: 0 2 1
1209: 3 5 4
1210: 0 2 0
1211: 1 0 1
1212: 0 2 1
1213: 2 3 0
1214: 0 2 0
1215: 1 0 2
1216: 0 2 1
1217: 4 1 0
1218: 1 0 1
1219: 1 0 0
1220: 2 3 1
1221: 1 0 1
1222: 1 0 2
1223: 3 5 3
1224: 1 0 1
1225: 1 0 0
1226: 2 3 0
1227: 1 0 1
1228: 1 0 2
1229: 9 1 4
1230: 1 0 1
1231: 1 0 0
1232: 2 3 1
1233: 1 0 1
1234: 1 0 2
1235: 3 5 4
1236: 1 0 1
1237: 1 0 0
1238: 2 3 0
1239: 1 0 1
1240: 1 0 2
1241: 4 0 0
1242: 0 2 0
1243: 1 0 1
1244: 0 2 1
1245: 2 3 1
1246: 0 2 0
1247: 1 0 2
1248: 0 2 1
1249: 3 5 3
1250: 0 2 0
1251: 1 0 1
1252: 0 2 1
1253: 2 3 0
1254: 0 2 0
1255: 1 0 2
1256: 0 2 1
1257: 8 2 3
1258: 0 2 0
1259: 1 0 1
1260: 0 2 1
1261: 3 5 4
1262: 0 2 0
1263: 1 0 2
1264: 0 2 1
1265: 4 1 0
1266: 1 0 1
1267: 1 0 0
1268: 3 5 3
1269: 1 0 1
1270: 9 0 4
1271: 1 0 0
1272: 3 5 4
1273: 1 0 1
1274: 4 0 0
1275: 0 2 0
1276: 3 5 3
1277: 0 2 1
1278: 8 1 3
1279: 0 2 0
1280: 2 3 1
1281: 0 2 1
1282: 2 3 2
1283: 0 2 0
1284: 3 5 4
1285: 0 2 1
1286: 2 3 1
1287: 0 2 0
1288: 2 3 0
1289: 0 2 1
1290: 4 1 0
1291: 1 0 0
1292: 2 3 1
1293: 1 0 1
1294: 2 3 2
1295: 1 0 0
1296: 3 5 3
1297: 1 0 1
1298: 2 3 1
1299: 1 0 0
1300: 2 3 0
1301: 1 0 1
1302: 11 3 5
1303: 1 0 0
1304: 2 3 1
1305: 1 0 1
1306: 2 3 2
1307: 1 0 0
1308: 3 5 4
1309: 1 0 1
1310: 2 3 1
1311: 1 0 0
1312: 2 3 0
1313: 1 0 1
1314: 4 0 0
1315: 0 2 0
1316: 2 3 1
1317: 0 2 1
1318: 2 3 2
1319: 0 2 0
1320: 3 5 3
1321: 0 2 1
1322: 2 3 1
1323: 0 2 0
1324: 2 3 0
1325: 0 2 1
1326: 8 2 3
1327: 0 2 0
1328: 3 5 4
1329: 0 2 1
1330: 4 1 0
1331: 1 0 0
1332: 3 5 3
1333: 1 0 1
1334: 8 3 3
1335: 0 2 2
1336: 1 0 0
1337: 0 2 1
1338: 3 5 4
1339: 0 2 2
1340: 1 0 1
1341: 0 2 1
1342: 4 0 0
1343: 0 2 0
1344: 3 5 3
1345: 0 2 1
1346: 0 2 2
1347: 3 5 4
1348: 10 1 5
1349: 0 2 1
1350: 0 2 0
1351: 3 5 3
1352: 0 2 1
1353: 0 2 2
1354: 4 1 0
1355: 0 2 1
1356: 1 0 0
1357: 0 2 2
1358: 3 5 4
1359: 0 2 1
1360: 1 0 1
1361: 0 2 2
1362: 8 4 3
1363: 0 2 1
1364: 1 0 0
1365: 0 2 2
1366: 2 3 1
1367: 0 2 1
1368: 1 0 1
1369: 0 2 2
1370: 2 3 2
1371: 0 2 1
1372: 1 0 0
1373: 0 2 2
1374: 4 2 0
1375: 0 2 1
1376: 1 0 1
1377: 0 2 2
1378: 6 3 1
1379: 0 2 1
1380: 1 0 0
1381: 0 2 2
1382: 4 1 0
1383: 0 2 1
1384: 1 0 1
1385: 0 2 2
1386: 4 0 0
1387: 0 2 1
1388: 0 2 0
1389: 5 3 0
1390: 0 2 1
1391: 0 2 2
1392: 4 1 0
1393: 0 2 1
1394: 1 0 0
1395: 0 2 2
1396: 6 4 1
1397: 0 2 1
1398: 1 0 1
1399: 0 2 2
1400: 2 3 1
1401: 0 2 1
1402: 1 0 0
1403: 0 2 2
1404: 9 1 4
1405: 0 2 1
1406: 1 0 1
1407: 0 2 2
1408: 1 0 2
1409: 0 2 1
1410: 1 0 3
1411: 0 2 2
1412: 4 0 0
1413: 0 2 1
1414: 0 2 0
1415: 1 0 2
1416: 0 2 1
1417: 0 2 2
1418: 1 0 1
1419: 0 2 1
1420: 0 2 0
1421: 5 4 0
1422: 0 2 1
1423: 0 2 2
1424: 1 0 2
1425: 0 2 1
1426: 0 2 0
1427: 1 0 3
1428: 0 2 1
1429: 0 2 2
1430: 2 3 0
1431: 0 2 1
1432: 0 2 0
1433: 1 0 2
1434: 0 2 1
1435: 0 2 2
1436: 1 0 1
1437: 0 2 1
1438: 0 2 0
1439: 8 3 3
1440: 0 2 1
1441: 0 2 2
1442: 1 0 2
1443: 0 2 1
1444: 0 2 0
1445: 1 0 3
1446: 0 2 1
1447: 0 2 2
1448: 3 5 3
1449: 0 2 1
1450: 0 2 0
1451: 1 0 2
1452: 0 2 1
1453: 0 2 2
1454: 1 0 1
1455: 0 2 1
1456: 0 2 0
1457: 8 2 3
1458: 0 2 1
1459: 1 0 2
1460: 0 2 0
1461: 1 0 3
1462: 0 2 1
1463: 3 5 4
1464: 0 2 0
1465: 1 0 2
1466: 0 2 1
1467: 1 0 1
1468: 0 2 0
1469: 8 1 3
1470: 0 2 1
1471: 1 0 2
1472: 0 2 0
1473: 1 0 3
1474: 0 2 1
1475: 2 3 1
1476: 0 2 0
1477: 1 0 2
1478: 0 2 1
1479: 1 0 1
1480: 0 2 0
1481: 3 5 3
1482: 0 2 1
1483: 1 0 2
1484: 0 2 0
1485: 1 0 3
1486: 0 2 1
1487: 2 3 0
1488: 0 2 0
1489: 1 0 2
1490: 0 2 1
1491: 1 0 1
1492: 0 2 0
1493: 9 0 4
1494: 0 2 1
1495: 2 3 1
1496: 0 2 0
1497: 2 3 2
1498: 0 2 1
1499: 3 5 4
1500: 0 2 0
1501: 2 3 1
1502: 0 2 1
1503: 2 3 0
1504: 0 2 0
1505: 8 2 3
1506: 0 2 1
1507: 3 5 3
1508: 0 2 0
1509: 11 4 5
1510: 0 2 1
1511: 4 1 0
1512: 1 0 0
1513: 8 1 3
1514: 1 0 1
1515: 2 3 1
1516: 1 0 0
1517: 2 3 2
1518: 1 0 1
1519: 2 3 3
1520: 1 0 0
1521: 4 2 0
1522: 1 0 1
1523: 2 3 2
1524: 1 0 0
1525: 2 3 1
1526: 1 0 1
1527: 9 1 4
1528: 1 0 0
1529: 4 1 0
1530: 1 0 1
1531: 1 0 2
1532: 1 0 3
1533: 2 3 0
1534: 1 0 2
1535: 1 0 1
1536: 1 0 0
1537: 8 0 3
1538: 0 2 2
1539: 2 3 1
1540: 0 2 1
1541: 4 2 0
1542: 0 2 2
1543: 9 0 4
1544: 0 2 1
1545: 2 3 2
1546: 0 2 2
1547: 2 3 3
1548: 0 2 1
1549: 4 1 0
1550: 0 2 2
1551: 2 3 2
1552: 0 2 1
1553: 2 3 1
1554: 0 2 2
1555: 2 3 0
1556: 0 2 1
1557: 10 0 5
1558: 0 2 2
1559: 2 3 1
1560: 0 2 1
1561: 2 3 2
1562: 0 2 2
1563: 2 3 3
1564: 0 2 1
1565: 4 2 0
1566: 0 2 2
1567: 2 3 2
1568: 0 2 1
1569: 2 3 1
1570: 0 2 2
1571: 9 1 4
1572: 0 2 1
1573: 4 1 0
1574: 0 2 2
1575: 2 3 0
1576: 0 2 1
1577: 8 1 3
1578: 1 0 1
1579: 1 0 2
1580: 2 3 1
1581: 1 0 1
1582: 1 0 0
1583: 4 2 0
1584: 1 0 1
1585: 1 0 2
1586: 9 2 4
1587: 1 0 1
1588: 1 0 0
1589: 4 1 0
1590: 1 0 1
1591: 1 0 2
1592: 2 3 0
1593: 1 0 1
1594: 1 0 0
1595: 8 0 3
1596: 0 2 2
1597: 2 3 1
1598: 0 2 1
1599: 4 2 0
1600: 0 2 2
1601: 10 1 5
1602: 0 2 1
1603: 4 1 0
1604: 0 2 2
1605: 2 3 0
1606: 0 2 1
1607: 8 1 3
1608: 1 0 1
1609: 1 0 2
1610: 1 0 3
1611: 2 3 1
1612: 1 0 2
1613: 1 0 1
1614: 1 0 0
1615: 4 2 0
1616: 1 0 1
1617: 1 0 2
1618: 1 0 3
1619: 9 1 4
1620: 1 0 2
1621: 10 2 5
1622: 1 0 1
1623: 1 0 0
1624: 4 1 0
1625: 1 0 1
1626: 1 0 2
1627: 1 0 3
1628: 2 3 0
1629: 1 0 2
1630: 1 0 1
1631: 1 0 0
1632: 8 0 3
1633: 0 2 2
1634: 2 3 1
1635: 0 2 1
1636: 4 2 0
1637: 0 2 2
1638: 9 0 4
1639: 0 2 1
1640: 2 3 2
1641: 0 2 2
1642: 4 1 0
1643: 0 2 1
1644: 2 3 1
1645: 0 2 2
1646: 2 3 0
1647: 0 2 1
1648: 8 1 3
1649: 1 0 1
1650: 2 3 1
1651: 1 0 0
1652: 2 3 2
1653: 1 0 1
1654: 4 0 0
1655: 0 2 0
1656: 2 3 1
1657: 0 2 1
1658: 2 3 0
1659: 0 2 0
1660: 8 2 3
1661: 0 2 1
1662: 4 1 0
1663: 1 0 0
1664: 8 3 3
1665: 0 2 2
1666: 1 0 1
1667: 0 2 1
1668: 4 0 0
1669: 0 2 0
1670: 9 1 4
1671: 0 2 1
1672: 0 2 2
1673: 1 0 2
1674: 0 2 1
1675: 0 2 0
1676: 1 0 3
1677: 0 2 1
1678: 0 2 2
1679: 4 1 0
1680: 0 2 1
1681: 1 0 2
1682: 0 2 2
1683: 1 0 1
1684: 0 2 1
1685: 1 0 0
1686: 0 2 2
1687: 9 2 4
1688: 0 2 1
1689: 1 0 1
1690: 0 2 2
1691: 1 0 2
1692: 0 2 1
1693: 1 0 3
1694: 0 2 2
1695: 4 0 0
1696: 0 2 1
1697: 0 2 0
1698: 1 0 2
1699: 0 2 1
1700: 0 2 2
1701: 1 0 1
1702: 0 2 1
1703: 0 2 0
1704: 8 2 3
1705: 0 2 1
1706: 1 0 2
1707: 0 2 0
1708: 1 0 3
1709: 0 2 1
1710: 4 1 0
1711: 1 0 2
1712: 1 0 1
1713: 1 0 0
1714: 8 1 3
1715: 1 0 1
1716: 1 0 2
1717: 1 0 3
1718: 2 3 1
1719: 1 0 2
1720: 1 0 1
1721: 1 0 0
1722: 4 2 0
1723: 8 0 3
1724: 0 2 2
1725: 4 1 0
1726: 0 2 1
1727: 5 3 0
1728: 0 2 2
1729: 9 1 4
1730: 0 2 1
1731: 8 1 3
1732: 1 0 1
1733: 1 0 2
1734: 1 0 3
1735: 4 0 0
1736: 0 2 0
1737: 1 0 2
1738: 0 2 1
1739: 1 0 1
1740: 0 2 0
1741: 5 4 0
1742: 0 2 1
1743: 1 0 2
1744: 0 2 0
1745: 1 0 3
1746: 0 2 1
1747: 2 3 0
1748: 0 2 0
1749: 1 0 2
1750: 0 2 1
1751: 1 0 1
1752: 0 2 0
1753: 8 2 3
1754: 0 2 1
1755: 1 0 2
1756: 0 2 0
1757: 1 0 3
1758: 0 2 1
1759: 4 1 0
1760: 1 0 2
1761: 1 0 1
1762: 1 0 0
1763: 10 1 5
1764: 1 0 1
1765: 1 0 2
1766: 1 0 3
1767: 4 0 0
1768: 0 2 0
1769: 1 0 2
1770: 0 2 1
1771: 1 0 1
1772: 0 2 0
1773: 8 1 3
1774: 0 2 1
1775: 1 0 2
1776: 0 2 0
1777: 1 0 3
1778: 0 2 1
1779: 2 3 1
1780: 0 2 0
1781: 1 0 2
1782: 0 2 1
1783: 1 0 1
1784: 0 2 0
1785: 5 3 0
1786: 0 2 1
1787: 1 0 2
1788: 0 2 0
1789: 1 0 3
1790: 0 2 1
1791: 4 1 0
1792: 1 0 2
1793: 1 0 1
1794: 1 0 0
1795: 8 0 3
1796: 0 2 2
1797: 9 0 4
1798: 0 2 1
1799: 2 3 2
1800: 0 2 2
1801: 2 3 3
1802: 0 2 1
1803: 6 3 1
1804: 0 2 2
1805: 2 3 2
1806: 0 2 1
1807: 5 4 0
1808: 0 2 2
1809: 2 3 3
1810: 0 2 1
1811: 4 2 0
1812: 0 2 2
1813: 2 3 2
1814: 0 2 1
1815: 8 1 3
1816: 1 0 1
1817: 2 3 3
1818: 1 0 0
1819: 4 1 0
1820: 1 0 1
1821: 2 3 2
1822: 1 0 0
1823: 5 3 0
1824: 1 0 1
1825: 2 3 3
1826: 1 0 0
1827: 6 4 1
1828: 1 0 1
1829: 2 3 2
1830: 1 0 0
1831: 2 3 1
1832: 1 0 1
1833: 4 0 0
1834: 0 2 0
1835: 2 3 2
1836: 0 2 1
1837: 2 3 3
1838: 0 2 0
1839: 5 4 0
1840: 0 2 1
1841: 2 3 2
1842: 0 2 0
1843: 2 3 1
1844: 0 2 1
1845: 2 3 0
1846: 0 2 0
1847: 10 0 5
1848: 0 2 1
1849: 2 3 1
1850: 0 2 0
1851: 2 3 2
1852: 0 2 1
1853: 2 3 3
1854: 0 2 0
1855: 5 3 0
1856: 0 2 1
1857: 2 3 2
1858: 0 2 0
1859: 2 3 1
1860: 0 2 1
1861: 4 1 0
1862: 1 0 0
1863: 2 3 2
1864: 1 0 1
1865: 2 3 3
1866: 1 0 0
1867: 5 4 0
1868: 1 0 1
1869: 2 3 2
1870: 1 0 0
1871: 2 3 1
1872: 1 0 1
1873: 2 3 0
1874: 1 0 0
1875: 8 2 3
1876: 1 0 1
1877: 4 0 0
1878: 0 2 0
1879: 8 3 3
1880: 0 2 1
1881: 0 2 2
1882: 4 1 0
1883: 0 2 1
1884: 1 0 0
1885: 0 2 2
1886: 9 1 4
1887: 0 2 1
1888: 1 0 1
1889: 0 2 2
1890: 1 0 2
1891: 0 2 1
1892: 4 0 0
1893: 0 2 0
1894: 1 0 1
1895: 0 2 1
1896: 0 2 2
1897: 1 0 2
1898: 9 2 4
1899: 0 2 1
1900: 0 2 0
1901: 1 0 1
1902: 0 2 1
1903: 0 2 2
1904: 4 1 0
1905: 0 2 1
1906: 1 0 0
1907: 0 2 2
1908: 10 1 5
1909: 0 2 1
1910: 1 0 1
1911: 0 2 2
1912: 1 0 2
1913: 0 2 1
1914: 1 0 3
1915: 0 2 2
1916: 4 0 0
1917: 0 2 1
1918: 0 2 0
1919: 1 0 2
1920: 0 2 1
1921: 0 2 2
1922: 1 0 1
1923: 0 2 1
1924: 0 2 0
1925: 8 2 3
1926: 0 2 1
1927: 1 0 2
1928: 0 2 0
1929: 1 0 3
1930: 0 2 1
1931: 4 1 0
1932: 1 0 2
1933: 1 0 1
1934: 1 0 0
1935: 10 0 5
1936: 1 0 1
1937: 1 0 2
1938: 4 0 0
1939: 0 2 0
1940: 1 0 1
1941: 0 2 1
1942: 8 1 3
1943: 0 2 0
1944: 1 0 2
1945: 0 2 1
1946: 2 3 1
1947: 0 2 0
1948: 1 0 1
1949: 0 2 1
1950: 5 3 0
1951: 0 2 0
1952: 1 0 2
1953: 0 2 1
1954: 4 1 0
1955: 1 0 1
1956: 1 0 0
1957: 8 0 3
1958: 0 2 2
1959: 9 1 4
1960: 0 2 1
1961: 8 1 3
1962: 1 0 1
1963: 1 0 2
1964: 4 0 0
1965: 0 2 0
1966: 1 0 1
1967: 0 2 1
1968: 5 2 0
1969: 1 0 2
1970: 9 2 4
1971: 1 0 1
1972: 10 1 5
1973: 1 0 2
1974: 1 0 3
1975: 5 3 0
1976: 0 2 0
1977: 1 0 2
1978: 0 2 1
1979: 1 0 1
1980: 0 2 0
1981: 5 4 0
1982: 0 2 1
1983: 1 0 2
1984: 0 2 0
1985: 1 0 3
1986: 0 2 1
1987: 2 3 0
1988: 0 2 0
1989: 1 0 2
1990: 0 2 1
1991: 1 0 1
1992: 0 2 0
1993: 10 2 5
1994: 0 2 1
1995: 1 0 2
1996: 0 2 0
1997: 1 0 3
1998: 0 2 1
1999: 2 3 1
2000: 0 2 0
2001: 1 0 2
2002: 0 2 1
2003: 1 0 1
2004: 0 2 0
2005: 5 3 0
2006: 0 2 1
2007: 1 0 2
2008: 0 2 0
2009: 1 0 3
2010: 0 2 1
2011: 4 1 0
2012: 1 0 2
2013: 1 0 1
2014: 1 0 0
2015: 10 1 5
2016: 1 0 1
2017: 1 0 2
2018: 1 0 3
2019: 11 3 5
2020: 1 0 2
2021: 1 0 1
2022: 1 0 0
2023: 3 5 4
2024: 1 0 1
2025: 1 0 2
2026: 1 0 3
2027: 4 0 0
2028: 0 2 0
2029: 1 0 2
2030: 0 2 1
2031: 1 0 1
2032: 0 2 0
2033: 3 5 3
2034: 0 2 1
2035: 1 0 2
2036: 0 2 0
2037: 1 0 3
2038: 0 2 1
2039: 5 2 0
2040: 1 0 2
2041: 1 0 1
2042: 3 5 4
2043: 1 0 2
2044: 1 0 3
2045: 9 1 4
2046: 1 0 2
2047: 1 0 1
2048: 3 5 3
2049: 1 0 2
2050: 1 0 3
2051: 5 3 0
2052: 0 2 0
2053: 1 0 2
2054: 0 2 1
2055: 1 0 1
2056: 0 2 0
2057: 3 5 4
2058: 0 2 1
2059: 1 0 2
2060: 0 2 0
2061: 1 0 3
2062: 0 2 1
2063: 4 1 0
2064: 1 0 2
2065: 1 0 1
2066: 1 0 0
2067: 3 5 3
2068: 1 0 1
2069: 1 0 2
2070: 1 0 3
2071: 5 4 0
2072: 1 0 2
2073: 1 0 1
2074: 1 0 0
2075: 2 3 0
2076: 1 0 1
2077: 1 0 2
2078: 1 0 3
2079: 3 5 4
2080: 1 0 2
2081: 1 0 1
2082: 1 0 0
2083: 2 3 1
2084: 1 0 1
2085: 1 0 2
2086: 1 0 3
2087: 4 2 0
2088: 1 0 2
2089: 1 0 1
2090: 1 0 0
2091: 3 5 3
2092: 1 0 1
2093: 1 0 2
2094: 1 0 3
2095: 9 2 4
2096: 1 0 2
2097: 1 0 1
2098: 1 0 0
2099: 3 5 4
2100: 1 0 1
2101: 1 0 2
2102: 1 0 3
2103: 4 1 0
2104: 1 0 2
2105: 1 0 1
2106: 1 0 0
2107: 2 3 0
2108: 1 0 1
2109: 1 0 2
2110: 1 0 3
2111: 3 5 3
2112: 1 0 2
2113: 1 0 1
2114: 1 0 0
2115: 2 3 1
2116: 1 0 1
2117: 1 0 2
2118: 1 0 3
2119: 4 0 0
2120: 0 2 0
2121: 1 0 2
2122: 0 2 1
2123: 1 0 1
2124: 0 2 0
2125: 2 3 0
2126: 0 2 1
2127: 1 0 2
2128: 0 2 0
2129: 1 0 3
2130: 0 2 1
2131: 3 5 4
2132: 0 2 0
2133: 1 0 2
2134: 0 2 1
2135: 1 0 1
2136: 0 2 0
2137: 8 2 3
2138: 0 2 1
2139: 1 0 2
2140: 0 2 0
2141: 1 0 3
2142: 0 2 1
2143: 3 5 3
2144: 0 2 0
2145: 1 0 2
2146: 0 2 1
2147: 1 0 1
2148: 4 1 0
2149: 1 0 0
2150: 3 5 4
2151: 1 0 1
2152: 1 0 2
2153: 1 0 3
2154: 3 5 3
2155: 1 0 2
2156: 9 1 4
2157: 1 0 1
2158: 1 0 0
2159: 3 5 4
2160: 1 0 1
2161: 9 0 4
2162: 1 0 0
2163: 3 5 3
2164: 1 0 1
2165: 8 1 3
2166: 1 0 0
2167: 2 3 1
2168: 1 0 1
2169: 2 3 2
2170: 1 0 0
2171: 3 5 4
2172: 1 0 1
2173: 2 3 1
2174: 1 0 0
2175: 2 3 0
2176: 8 0 3
2177: 0 2 2
2178: 2 3 1
2179: 0 2 1
2180: 2 3 2
2181: 0 2 2
2182: 3 5 3
2183: 0 2 1
2184: 2 3 1
2185: 0 2 2
2186: 2 3 0
2187: 0 2 1
2188: 9 1 4
2189: 0 2 2
2190: 2 3 1
2191: 0 2 1
2192: 3 5 4
2193: 0 2 2
2194: 2 3 0
2195: 0 2 1
2196: 9 2 4
2197: 0 2 2
2198: 2 3 1
2199: 0 2 1
2200: 3 5 3
2201: 0 2 2
2202: 2 3 0
2203: 0 2 1
2204: 10 0 5
2205: 0 2 2
2206: 2 3 1
2207: 0 2 1
2208: 3 5 4
2209: 0 2 2
2210: 2 3 0
2211: 0 2 1
2212: 9 1 4
2213: 0 2 2
2214: 2 3 1
2215: 0 2 1
2216: 3 5 3
2217: 0 2 2
2218: 2 3 0
2219: 0 2 1
2220: 9 0 4
2221: 0 2 2
2222: 2 3 1
2223: 0 2 1
2224: 2 3 2
2225: 0 2 2
2226: 3 5 4
2227: 0 2 1
2228: 2 3 1
2229: 0 2 2
2230: 2 3 0
2231: 0 2 1
2232: 11 2 5
2233: 0 2 2
2234: 2 3 1
2235: 0 2 1
2236: 2 3 2
2237: 0 2 2
2238: 3 5 3
2239: 0 2 1
2240: 2 3 1
2241: 0 2 2
2242: 2 3 0
2243: 0 2 1
2244: 9 1 4
2245: 0 2 2
2246: 2 3 1
2247: 0 2 1
2248: 3 5 4
2249: 0 2 2
2250: 2 3 0
2251: 0 2 1
2252: 9 2 4
2253: 0 2 2
2254: 2 3 1
2255: 0 2 1
2256: 3 5 3
2257: 0 2 2
2258: 4 2 0
2259: 0 2 1
2260: 3 5 4
2261: 0 2 2
2262: 9 1 4
2263: 0 2 1
2264: 3 5 3
2265: 0 2 2
2266: 9 0 4
2267: 0 2 1
2268: 2 3 2
2269: 0 2 2
2270: 3 5 4
2271: 0 2 1
2272: 2 3 1
2273: 0 2 2
2274: 11 3 5
2275: 0 2 1
2276: 2 3 2
2277: 0 2 2
2278: 3 5 3
2279: 0 2 1
2280: 2 3 1
2281: 0 2 2
2282: 9 1 4
2283: 0 2 1
2284: 3 5 4
2285: 0 2 2
2286: 9 2 4
2287: 0 2 1
2288: 3 5 3
2289: 0 2 2
2290: 10 1 5
2291: 0 2 1
2292: 3 5 4
2293: 0 2 2
2294: 9 1 4
2295: 0 2 1
2296: 3 5 3
2297: 0 2 2
2298: 9 0 4
2299: 0 2 1
2300: 2 3 2
2301: 0 2 2
2302: 3 5 4
2303: 0 2 1
2304: 2 3 1
2305: 8 1 3
2306: 1 0 1
2307: 2 3 2
2308: 1 0 0
2309: 3 5 3
2310: 1 0 1
2311: 2 3 1
2312: 1 0 0
2313: 10 0 5
2314: 1 0 1
2315: 2 3 2
2316: 1 0 0
2317: 3 5 4
2318: 1 0 1
2319: 2 3 1
2320: 1 0 0
2321: 9 1 4
2322: 1 0 1
2323: 1 0 2
2324: 3 5 3
2325: 1 0 1
2326: 1 0 0
2327: 9 2 4
2328: 1 0 1
2329: 1 0 2
2330: 3 5 4
2331: 1 0 1
2332: 1 0 0
2333: 11 2 5
2334: 1 0 1
2335: 1 0 2
2336: 3 5 3
2337: 1 0 1
2338: 1 0 0
2339: 9 1 4
2340: 1 0 1
2341: 1 0 2
2342: 3 5 4
2343: 1 0 1
2344: 1 0 0
2345: 9 0 4
2346: 1 0 1
2347: 2 3 2
2348: 1 0 0
2349: 3 5 3
2350: 1 0 1
2351: 6 3 1
2352: 1 0 0
2353: 3 5 4
2354: 1 0 1
2355: 4 1 0
2356: 1 0 0
2357: 3 5 3
2358: 1 0 1
2359: 4 0 0
2360: 0 2 0
2361: 3 5 4
2362: 0 2 1
2363: 5 3 0
2364: 0 2 0
2365: 3 5 3
2366: 0 2 1
2367: 4 1 0
2368: 1 0 0
2369: 3 5 4
2370: 1 0 1
2371: 6 4 1
2372: 1 0 0
2373: 2 3 1
2374: 1 0 1
2375: 3 5 3
2376: 1 0 0
2377: 2 3 2
2378: 1 0 1
2379: 4 0 0
2380: 0 2 0
2381: 2 3 1
2382: 0 2 1
2383: 3 5 4
2384: 0 2 0
2385: 2 3 2
2386: 0 2 1
2387: 5 2 0
2388: 2 3 1
2389: 3 5 3
2390: 2 3 2
2391: 6 3 1
2392: 3 5 4
2393: 11 3 5
2394: 3 5 3
2395: 5 3 0
2396: 0 2 0
2397: 3 5 4
2398: 0 2 1
2399: 4 1 0
2400: 1 0 0
2401: 3 5 3
2402: 1 0 1
2403: 5 4 0
2404: 1 0 0
2405: 3 5 4
2406: 1 0 1
2407: 4 0 0
2408: 0 2 0
2409: 3 5 3
2410: 0 2 1
2411: 10 1 5
2412: 0 2 0
2413: 3 5 4
2414: 0 2 1
2415: 4 1 0
2416: 1 0 0
2417: 3 5 3
2418: 1 0 1
2419: 4 2 0
2420: 1 0 0
2421: 3 5 4
2422: 1 0 1
2423: 10 0 5
2424: 1 0 0
2425: 3 5 3
2426: 1 0 1
2427: 11 4 5
2428: 1 0 0
2429: 2 3 3
2430: 1 0 1
2431: 4 1 0
2432: 1 0 0
2433: 2 3 2
2434: 1 0 1
2435: 4 0 0
2436: 0 2 0
2437: 2 3 3
2438: 0 2 1
2439: 5 3 0
2440: 0 2 0
2441: 2 3 2
2442: 0 2 1
2443: 4 1 0
2444: 1 0 0
2445: 2 3 3
2446: 1 0 1
2447: 7 3 2
2448: 1 0 0
2449: 3 5 2
2450: 1 0 1
2451: 3 5 1
2452: 1 0 0
2453: 3 5 0
2454: 1 0 1
2455: 4 0 0
2456: 0 2 0
2457: 3 5 1
2458: 0 2 1
2459: 3 5 2
2460: 0 2 0
2461: 3 5 3
2462: 0 2 1
2463: 5 2 0
2464: 3 5 2
2465: 3 5 1
2466: 3 5 0
2467: 7 4 2
2468: 2 3 2
2469: 5 3 0
2470: 0 2 0
2471: 2 3 3
2472: 0 2 1
2473: 4 1 0
2474: 1 0 0
2475: 2 3 2
2476: 1 0 1
2477: 10 1 5
2478: 1 0 0
2479: 2 3 3
2480: 1 0 1
2481: 4 0 0
2482: 0 2 0
2483: 2 3 2
2484: 0 2 1
2485: 5 2 0
2486: 2 3 3
2487: 7 3 2
2488: 3 5 1
2489: 3 5 2
2490: 3 5 3
2491: 5 3 0
2492: 0 2 0
2493: 3 5 2
2494: 0 2 1
2495: 3 5 1
2496: 0 2 0
2497: 3 5 0
2498: 0 2 1
2499: 4 1 0
2500: 1 0 0
2501: 3 5 1
2502: 1 0 1
2503: 3 5 2
2504: 1 0 0
2505: 3 5 3
2506: 1 0 1
2507: 5 4 0
2508: 1 0 0
2509: 3 5 2
2510: 1 0 1
2511: 3 5 1
2512: 1 0 0
2513: 4 2 0
2514: 1 0 1
2515: 3 5 2
2516: 1 0 0
2517: 3 5 3
2518: 1 0 1
2519: 6 4 1
2520: 1 0 0
2521: 3 5 2
2522: 1 0 1
2523: 4 1 0
2524: 1 0 0
2525: 3 5 3
2526: 1 0 1
2527: 4 0 0
2528: 0 2 0
2529: 3 5 2
2530: 0 2 1
2531: 5 3 0
2532: 0 2 0
2533: 3 5 3
2534: 0 2 1
2535: 4 1 0
2536: 1 0 0
2537: 3 5 2
2538: 1 0 1
2539: 10 0 5
2540: 1 0 0
2541: 3 5 3
2542: 1 0 1
2543: 4 0 0
2544: 0 2 0
2545: 3 5 2
2546: 0 2 1
2547: 5 2 0
2548: 3 5 3
2549: 7 4 2
2550: 2 3 2
2551: 2 3 1
2552: 10 1 5
2553: 2 3 2
2554: 2 3 3
2555: 6 3 1
2556: 2 3 2
2557: 5 3 0
2558: 0 2 0
2559: 2 3 3
2560: 0 2 1
2561: 5 4 0
2562: 0 2 0
2563: 2 3 2
2564: 0 2 1
2565: 10 2 5
2566: 0 2 0
2567: 5 3 0
2568: 0 2 1
2569: 4 1 0
2570: 1 0 0
2571: 5 4 0
2572: 1 0 1
2573: 4 2 0
2574: 1 0 0
2575: 8 0 3
2576: 0 2 2
2577: 4 1 0
2578: 0 2 1
2579: 5 3 0
2580: 0 2 2
2581: 6 2 1
2582: 5 4 0
2583: 4 2 0
2584: 6 1 1
2585: 2 3 1
2586: 4 1 0
2587: 2 3 0
2588: 9 1 4
2589: 2 3 1
2590: 4 2 0
2591: 9 2 4
2592: 4 1 0
2593: 2 3 0
2594: 10 1 5
2595: 2 3 1
2596: 4 2 0
2597: 9 1 4
2598: 4 1 0
2599: 2 3 0
2600: 9 0 4
2601: 2 3 1
2602: 2 3 2
2603: 2 3 3
2604: 4 2 0
2605: 2 3 2
2606: 2 3 1
2607: 10 0 5
2608: 2 3 2
2609: 2 3 3
2610: 4 1 0
2611: 2 3 2
2612: 2 3 1
2613: 2 3 0
2614: 9 1 4
2615: 2 3 1
2616: 4 2 0
2617: 9 2 4
2618: 4 1 0
2619: 2 3 0
2620: 11 3 5
2621: 2 3 1
2622: 3 5 4
2623: 2 3 0
2624: 9 1 4
2625: 2 3 1
2626: 3 5 3
2627: 2 3 0
2628: 9 0 4
2629: 2 3 1
2630: 2 3 2
2631: 3 5 4
2632: 2 3 1
2633: 2 3 0
2634: 10 1 5
2635: 2 3 1
2636: 2 3 2
2637: 3 5 3
2638: 2 3 1
2639: 2 3 0
2640: 9 1 4
2641: 2 3 1
2642: 3 5 4
2643: 2 3 0
2644: 9 2 4
2645: 2 3 1
2646: 3 5 3
2647: 4 2 0
2648: 3 5 4
2649: 9 1 4
2650: 3 5 3
2651: 9 0 4
2652: 2 3 2
2653: 3 5 4
2654: 2 3 1
2655: 10 0 5
2656: 2 3 2
2657: 3 5 3
2658: 2 3 1
2659: 9 1 4
2660: 3 5 4
2661: 9 2 4
2662: 3 5 3
2663: 11 2 5
2664: 3 5 4
2665: 4 1 0
2666: 2 3 0
2667: 3 5 3
2668: 2 3 1
2669: 5 3 0
2670: 3 5 4
2671: 9 1 4
2672: 3 5 3
2673: 5 4 0
2674: 2 3 0
2675: 3 5 4
2676: 2 3 1
2677: 4 2 0
2678: 3 5 3
2679: 9 0 4
2680: 2 3 2
2681: 3 5 4
2682: 2 3 1
2683: 4 1 0
2684: 2 3 0
2685: 3 5 3
2686: 2 3 1
2687: 2 3 2
2688: 3 5 4
2689: 5 3 0
2690: 2 3 1
2691: 3 5 3
2692: 2 3 2
2693: 6 2 1
2694: 3 5 4
2695: 5 4 0
2696: 3 5 3
2697: 4 2 0
2698: 3 5 4
2699: 6 3 1
2700: 0 2 1
2701: 3 5 3
2702: 0 2 2
2703: 4 1 0
2704: 0 2 1
2705: 3 5 4
2706: 0 2 2
2707: 5 3 0
2708: 0 2 1
2709: 3 5 3
2710: 0 2 2
2711: 6 4 1
2712: 0 2 1
2713: 2 3 1
2714: 0 2 2
2715: 3 5 4
2716: 0 2 1
2717: 2 3 2
2718: 0 2 2
2719: 11 3 5
2720: 0 2 1
2721: 2 3 1
2722: 0 2 2
2723: 3 5 3
2724: 0 2 1
2725: 2 3 2
2726: 0 2 2
2727: 6 3 1
2728: 0 2 1
2729: 3 5 4
2730: 0 2 2
2731: 5 4 0
2732: 0 2 1
2733: 3 5 3
2734: 0 2 2
2735: 4 2 0
2736: 0 2 1
2737: 3 5 4
2738: 0 2 2
2739: 6 2 1
2740: 3 5 3
2741: 4 1 0
2742: 3 5 4
2743: 5 3 0
2744: 3 5 3
2745: 6 1 1
2746: 2 3 1
2747: 3 5 4
2748: 2 3 2
2749: 10 1 5
2750: 2 3 1
2751: 3 5 3
2752: 2 3 2
2753: 6 2 1
2754: 3 5 4
2755: 5 4 0
2756: 3 5 3
2757: 4 2 0
2758: 11 4 5
2759: 2 3 3
2760: 4 1 0
2761: 2 3 2
2762: 5 3 0
2763: 2 3 3
2764: 6 1 1
2765: 2 3 2
2766: 2 3 1
2767: 9 1 4
2768: 9 2 4
2769: 10 0 5
2770: 9 1 4
2771: 9 0 4
2772: 2 3 2
2773: 2 3 3
2774: 6 2 1
2775: 2 3 2
2776: 5 4 0
2777: 2 3 3
2778: 4 2 0
2779: 2 3 2
2780: 6 3 1
2781: 0 2 1
2782: 2 3 3
2783: 0 2 2
2784: 4 1 0
2785: 0 2 1
2786: 2 3 2
2787: 0 2 2
2788: 5 3 0
2789: 0 2 1
2790: 2 3 3
2791: 0 2 2
2792: 6 4 1
2793: 0 2 1
2794: 7 3 2
2795: 0 2 2
2796: 3 5 2
2797: 0 2 1
2798: 5 4 0
2799: 0 2 2
2800: 3 5 3
2801: 0 2 1
2802: 4 2 0
2803: 0 2 2
2804: 3 5 2
2805: 0 2 1
2806: 6 3 1
2807: 0 2 2
2808: 3 5 1
2809: 0 2 1
2810: 4 1 0
2811: 0 2 2
2812: 3 5 2
2813: 0 2 1
2814: 3 5 3
2815: 0 2 2
2816: 4 2 0
2817: 0 2 1
2818: 8 1 3
2819: 1 0 1
2820: 3 5 2
2821: 1 0 0
2822: 3 5 1
2823: 1 0 1
2824: 4 1 0
2825: 1 0 0
2826: 3 5 2
2827: 1 0 1
2828: 3 5 3
2829: 1 0 0
2830: 6 4 1
2831: 1 0 1
2832: 3 5 2
2833: 4 0 0
2834: 0 2 0
2835: 3 5 3
2836: 0 2 1
2837: 6 3 1
2838: 0 2 0
2839: 3 5 2
2840: 0 2 1
2841: 3 5 1
2842: 0 2 0
2843: 7 2 2
2844: 3 5 2
2845: 3 5 3
2846: 5 3 0
2847: 3 5 2
2848: 3 5 1
2849: 3 5 0
2850: 7 1 2
2851: 2 3 2
2852: 3 5 1
2853: 2 3 3
2854: 3 5 2
2855: 2 3 2
2856: 3 5 3
2857: 2 3 3
2858: 5 4 0
2859: 2 3 2
2860: 3 5 2
2861: 2 3 3
2862: 3 5 1
2863: 2 3 2
2864: 10 1 5
2865: 2 3 3
2866: 3 5 2
2867: 2 3 2
2868: 3 5 3
2869: 2 3 3
2870: 5 3 0
2871: 2 3 2
2872: 3 5 2
2873: 2 3 3
2874: 3 5 1
2875: 2 3 2
2876: 3 5 0
2877: 2 3 3
2878: 7 2 2
2879: 3 5 1
2880: 3 5 2
2881: 3 5 3
2882: 5 4 0
2883: 3 5 2
2884: 6 4 1
2885: 3 5 3
2886: 5 3 0
2887: 3 5 2
2888: 7 1 2
2889: 2 3 2
2890: 2 3 1
2891: 3 5 3
2892: 2 3 2
2893: 2 3 3
2894: 5 4 0
2895: 2 3 2
2896: 2 3 1
2897: 2 3 0
2898: 3 5 2
2899: 2 3 1
2900: 2 3 2
2901: 2 3 3
2902: 10 0 5
2903: 2 3 2
2904: 2 3 1
2905: 2 3 0
2906: 3 5 3
2907: 2 3 1
2908: 2 3 2
2909: 2 3 3
2910: 5 3 0
2911: 2 3 2
2912: 2 3 1
2913: 3 5 2
2914: 2 3 2
2915: 11 3 5
2916: 2 3 1
2917: 3 5 3
2918: 2 3 2
2919: 3 5 4
2920: 2 3 1
2921: 5 4 0
2922: 2 3 0
2923: 3 5 3
2924: 2 3 1
2925: 2 3 2
2926: 3 5 2
2927: 2 3 1
2928: 2 3 0
2929: 8 2 3
2930: 3 5 3
2931: 3 5 4
2932: 8 3 3
2933: 3 5 3
2934: 3 5 2
2935: 9 1 4
2936: 1 0 2
2937: 3 5 3
2938: 1 0 1
2939: 3 5 4
2940: 1 0 2
2941: 8 2 3
2942: 1 0 1
2943: 3 5 3
2944: 1 0 2
2945: 3 5 2
2946: 1 0 1
2947: 8 1 3
2948: 1 0 2
2949: 2 3 1
2950: 1 0 1
2951: 3 5 3
2952: 1 0 2
2953: 2 3 0
2954: 1 0 1
2955: 3 5 4
2956: 1 0 2
2957: 2 3 1
2958: 1 0 1
2959: 5 3 0
2960: 1 0 2
2961: 3 5 3
2962: 1 0 1
2963: 3 5 2
2964: 1 0 2
2965: 9 2 4
2966: 1 0 1
2967: 3 5 3
2968: 1 0 2
2969: 3 5 4
2970: 1 0 1
2971: 5 4 0
2972: 1 0 2
2973: 2 3 0
2974: 1 0 1
2975: 3 5 3
2976: 1 0 2
2977: 2 3 1
2978: 1 0 1
2979: 3 5 2
2980: 1 0 2
2981: 2 3 0
2982: 1 0 1
2983: 8 2 3
2984: 1 0 2
2985: 3 5 3
2986: 1 0 1
2987: 3 5 4
2988: 1 0 2
2989: 8 3 3
2990: 1 0 1
2991: 3 5 3
2992: 1 0 2
2993: 3 5 2
2994: 1 0 1
2995: 9 3 4
2996: 1 0 2
2997: 8 2 3
2998: 1 0 1
2999: 8 1 3
3000: 1 0 2
3001: 2 3 1
3002: 1 0 1
3003: 5 3 0
3004: 1 0 2
3005: 10 1 5
3006: 1 0 1
3007: 5 4 0
3008: 1 0 2
3009: 1 0 3
3010: 2 3 0
3011: 1 0 2
3012: 1 0 1
3013: 8 2 3
3014: 1 0 2
3015: 1 0 3
3016: 7 0 2
3017: 0 2 1
3018: 4 1 0
3019: 8 1 3
3020: 2 3 1
3021: 4 0 0
3022: 0 2 0
3023: 2 3 0
3024: 0 2 1
3025: 9 2 4
3026: 0 2 0
3027: 2 3 1
3028: 0 2 1
3029: 3 5 3
3030: 0 2 0
3031: 2 3 0
3032: 0 2 1
3033: 3 5 4
3034: 0 2 0
3035: 2 3 1
3036: 0 2 1
3037: 4 1 0
3038: 2 3 0
3039: 3 5 3
3040: 2 3 1
3041: 3 5 2
3042: 2 3 0
3043: 8 2 3
3044: 3 5 3
3045: 3 5 4
3046: 4 0 0
3047: 0 2 0
3048: 3 5 3
3049: 0 2 1
3050: 3 5 2
3051: 0 2 0
3052: 7 1 2
3053: 1 0 2
3054: 1 0 1
3055: 3 5 3
3056: 1 0 2
3057: 1 0 3
3058: 3 5 4
3059: 1 0 2
3060: 1 0 1
3061: 8 1 3
3062: 1 0 2
3063: 1 0 3
3064: 2 3 1
3065: 1 0 2
3066: 1 0 1
3067: 3 5 3
3068: 1 0 2
3069: 1 0 3
3070: 2 3 0
3071: 1 0 2
3072: 1 0 1
3073: 3 5 2
3074: 1 0 2
3075: 1 0 3
3076: 2 3 1
3077: 1 0 2
3078: 1 0 1
3079: 5 3 0
3080: 1 0 2
3081: 1 0 3
3082: 3 5 3
3083: 1 0 2
3084: 1 0 1
3085: 3 5 4
3086: 1 0 2
3087: 1 0 3
3088: 7 0 2
3089: 0 2 1
3090: 3 5 3
3091: 0 2 0
3092: 3 5 2
3093: 0 2 1
3094: 4 1 0
3095: 3 5 3
3096: 3 5 4
3097: 9 1 4
3098: 3 5 3
3099: 3 5 2
3100: 4 0 0
3101: 0 2 0
3102: 3 5 3
3103: 0 2 1
3104: 3 5 4
3105: 0 2 0
3106: 5 4 0
3107: 0 2 1
3108: 2 3 0
3109: 0 2 0
3110: 3 5 3
3111: 0 2 1
3112: 2 3 1
3113: 0 2 0
3114: 3 5 2
3115: 0 2 1
3116: 2 3 0
3117: 0 2 0
3118: 7 1 2
3119: 1 0 2
3120: 1 0 1
3121: 2 3 1
3122: 1 0 2
3123: 1 0 3
3124: 3 5 3
3125: 1 0 2
3126: 1 0 1
3127: 2 3 0
3128: 1 0 2
3129: 1 0 3
3130: 3 5 4
3131: 1 0 2
3132: 1 0 1
3133: 2 3 1
3134: 1 0 2
3135: 1 0 3
3136: 5 3 0
3137: 1 0 2
3138: 1 0 1
3139: 3 5 3
3140: 1 0 2
3141: 1 0 3
3142: 3 5 2
3143: 1 0 2
3144: 1 0 1
3145: 9 0 4
3146: 2 3 2
3147: 3 5 3
3148: 2 3 1
3149: 3 5 4
3150: 2 3 2
3151: 5 4 0
3152: 2 3 1
3153: 2 3 0
3154: 3 5 3
3155: 2 3 1
3156: 2 3 2
3157: 3 5 2
3158: 2 3 1
3159: 2 3 0
3160: 8 2 3
3161: 3 5 3
3162: 3 5 4
3163: 8 3 3
3164: 3 5 3
3165: 3 5 2
3166: 9 1 4
3167: 1 0 2
3168: 1 0 3
3169: 3 5 3
3170: 1 0 2
3171: 1 0 1
3172: 3 5 4
3173: 1 0 2
3174: 1 0 3
3175: 7 0 2
3176: 0 2 1
3177: 0 2 2
3178: 3 5 3
3179: 0 2 1
3180: 0 2 0
3181: 3 5 2
3182: 0 2 1
3183: 0 2 2
3184: 4 1 0
3185: 0 2 1
3186: 3 5 3
3187: 0 2 2
3188: 3 5 4
3189: 0 2 1
3190: 8 2 3
3191: 3 5 3
3192: 3 5 2
3193: 4 0 0
3194: 0 2 0
3195: 3 5 3
3196: 0 2 1
3197: 3 5 4
3198: 0 2 0
3199: 7 1 2
3200: 1 0 2
3201: 1 0 1
3202: 3 5 3
3203: 1 0 2
3204: 1 0 3
3205: 3 5 2
3206: 1 0 2
3207: 1 0 1
3208: 11 4 5
3209: 1 0 2
3210: 1 0 3
3211: 3 5 3
3212: 1 0 2
3213: 1 0 1
3214: 8 1 3
3215: 1 0 2
3216: 1 0 3
3217: 2 3 1
3218: 1 0 2
3219: 1 0 1
3220: 3 5 2
3221: 1 0 2
3222: 1 0 3
3223: 2 3 0
3224: 1 0 2
3225: 1 0 1
3226: 9 2 4
3227: 1 0 2
3228: 1 0 3
3229: 2 3 1
3230: 1 0 2
3231: 1 0 1
3232: 3 5 3
3233: 1 0 2
3234: 1 0 3
3235: 2 3 0
3236: 1 0 2
3237: 1 0 1
3238: 8 2 3
3239: 1 0 2
3240: 1 0 3
3241: 3 5 2
3242: 1 0 2
3243: 1 0 1
3244: 8 3 3
3245: 1 0 2
3246: 1 0 3
3247: 3 5 3
3248: 1 0 2
3249: 1 0 1
3250: 9 1 4
3251: 1 0 2
3252: 1 0 3
3253: 3 5 2
3254: 1 0 2
3255: 1 0 1
3256: 9 0 4
3257: 3 5 3
3258: 8 2 3
3259: 3 5 2
3260: 10 0 5
3261: 3 5 3
3262: 8 3 3
3263: 3 5 2
3264: 9 1 4
3265: 1 0 2
3266: 3 5 3
3267: 1 0 1
3268: 8 2 3
3269: 1 0 2
3270: 3 5 2
3271: 1 0 1
3272: 8 1 3
3273: 1 0 2
3274: 2 3 1
3275: 1 0 1
3276: 3 5 3
3277: 1 0 2
3278: 2 3 0
3279: 1 0 1
3280: 9 2 4
3281: 1 0 2
3282: 2 3 1
3283: 1 0 1
3284: 3 5 2
3285: 1 0 2
3286: 2 3 0
3287: 1 0 1
3288: 8 2 3
3289: 1 0 2
3290: 3 5 3
3291: 1 0 1
3292: 8 3 3
3293: 1 0 2
3294: 3 5 2
3295: 1 0 1
3296: 9 3 4
3297: 1 0 2
3298: 8 2 3
3299: 1 0 1
3300: 8 1 3
3301: 1 0 2
3302: 2 3 1
3303: 1 0 1
3304: 5 3 0
3305: 1 0 2
3306: 9 2 4
3307: 1 0 1
3308: 3 5 3
3309: 1 0 2
3310: 9 1 4
3311: 1 0 1
3312: 3 5 2
3313: 1 0 2
3314: 10 1 5
3315: 1 0 1
3316: 3 5 3
3317: 1 0 2
3318: 1 0 3
3319: 3 5 2
3320: 7 0 2
3321: 0 2 1
3322: 3 5 3
3323: 0 2 0
3324: 5 4 0
3325: 0 2 1
3326: 2 3 0
3327: 0 2 0
3328: 3 5 2
3329: 0 2 1
3330: 2 3 1
3331: 0 2 0
3332: 9 2 4
3333: 0 2 1
3334: 2 3 0
3335: 0 2 0
3336: 3 5 3
3337: 0 2 1
3338: 2 3 1
3339: 0 2 0
3340: 5 3 0
3341: 0 2 1
3342: 3 5 2
3343: 0 2 0
3344: 7 1 2
3345: 1 0 2
3346: 1 0 1
3347: 3 5 3
3348: 1 0 2
3349: 1 0 3
3350: 10 2 5
3351: 1 0 2
3352: 1 0 1
3353: 3 5 2
3354: 1 0 2
3355: 1 0 3
3356: 5 4 0
3357: 1 0 2
3358: 1 0 1
3359: 2 3 0
3360: 1 0 2
3361: 1 0 3
3362: 3 5 3
3363: 1 0 2
3364: 1 0 1
3365: 2 3 1
3366: 1 0 2
3367: 1 0 3
3368: 7 0 2
3369: 0 2 1
3370: 2 3 0
3371: 0 2 0
3372: 3 5 2
3373: 0 2 1
3374: 2 3 1
3375: 0 2 0
3376: 5 3 0
3377: 0 2 1
3378: 3 5 3
3379: 0 2 0
3380: 9 1 4
3381: 0 2 1
3382: 3 5 2
3383: 0 2 0
3384: 5 4 0
3385: 0 2 1
3386: 2 3 0
3387: 0 2 0
3388: 3 5 3
3389: 0 2 1
3390: 2 3 1
3391: 0 2 0
3392: 7 1 2
3393: 1 0 2
3394: 1 0 1
3395: 2 3 0
3396: 1 0 2
3397: 1 0 3
3398: 3 5 2
3399: 1 0 2
3400: 1 0 1
3401: 2 3 1
3402: 1 0 2
3403: 1 0 3
3404: 5 3 0
3405: 1 0 2
3406: 1 0 1
3407: 3 5 3
3408: 9 0 4
3409: 2 3 2
3410: 3 5 2
3411: 2 3 1
3412: 5 4 0
3413: 2 3 0
3414: 3 5 3
3415: 8 2 3
3416: 3 5 2
3417: 8 3 3
3418: 3 5 3
3419: 9 1 4
3420: 1 0 2
3421: 1 0 3
3422: 3 5 2
3423: 1 0 2
3424: 1 0 1
3425: 8 2 3
3426: 1 0 2
3427: 1 0 3
3428: 3 5 3
3429: 1 0 2
3430: 1 0 1
3431: 9 2 4
3432: 1 0 2
3433: 1 0 3
3434: 3 5 2
3435: 1 0 2
3436: 1 0 1
3437: 8 3 3
3438: 1 0 2
3439: 1 0 3
3440: 3 5 3
3441: 7 0 2
3442: 0 2 1
3443: 0 2 2
3444: 3 5 2
3445: 0 2 1
3446: 0 2 0
3447: 8 2 3
3448: 0 2 1
3449: 3 5 3
3450: 0 2 0
3451: 9 1 4
3452: 0 2 1
3453: 3 5 2
3454: 0 2 0
3455: 8 3 3
3456: 0 2 1
3457: 0 2 2
3458: 3 5 3
3459: 0 2 1
3460: 0 2 0
3461: 10 1 5
3462: 0 2 1
3463: 0 2 2
3464: 3 5 2
3465: 0 2 1
3466: 0 2 0
3467: 8 2 3
3468: 0 2 1
3469: 3 5 3
3470: 0 2 0
3471: 9 2 4
3472: 0 2 1
3473: 3 5 2
3474: 0 2 0
3475: 8 3 3
3476: 0 2 1
3477: 0 2 2
3478: 3 5 3
3479: 0 2 1
3480: 0 2 0
3481: 11 3 5
3482: 0 2 1
3483: 0 2 2
3484: 3 5 2
3485: 0 2 1
3486: 0 2 0
3487: 7 1 2
3488: 1 0 2
3489: 1 0 1
3490: 3 5 3
3491: 1 0 2
3492: 1 0 3
3493: 3 5 4
3494: 1 0 2
3495: 1 0 1
3496: 8 4 3
3497: 1 0 2
3498: 1 0 3
3499: 2 3 1
3500: 1 0 2
3501: 1 0 1
3502: 5 3 0
3503: 1 0 2
3504: 1 0 3
3505: 7 0 2
3506: 0 2 1
3507: 0 2 2
3508: 4 1 0
3509: 0 2 1
3510: 5 4 0
3511: 0 2 2
3512: 2 3 0
3513: 0 2 1
3514: 4 0 0
3515: 0 2 0
3516: 2 3 1
3517: 0 2 1
3518: 0 2 2
3519: 2 3 0
3520: 8 3 3
3521: 0 2 1
3522: 4 1 0
3523: 0 2 2
3524: 3 5 3
3525: 0 2 1
3526: 3 5 2
3527: 0 2 2
3528: 9 3 4
3529: 0 2 1
3530: 4 0 0
3531: 0 2 0
3532: 7 1 2
3533: 1 0 2
3534: 1 0 1
3535: 11 4 5
3536: 1 0 2
3537: 1 0 3
3538: 7 0 2
3539: 0 2 1
3540: 0 2 2
3541: 0 2 3
3542: 4 1 0
3543: 0 2 2
3544: 0 2 1
3545: 8 2 3
3546: 4 0 0
3547: 0 2 0
3548: 7 1 2
3549: 1 0 2
3550: 1 0 1
3551: 8 1 3
3552: 1 0 2
3553: 1 0 3
3554: 2 3 1
3555: 1 0 2
3556: 1 0 1
3557: 5 3 0
3558: 1 0 2
3559: 1 0 3
3560: 7 0 2
3561: 0 2 1
3562: 4 1 0
3563: 5 4 0
3564: 2 3 0
3565: 4 0 0
3566: 0 2 0
3567: 2 3 1
3568: 0 2 1
3569: 10 2 5
3570: 0 2 0
3571: 2 3 0
3572: 0 2 1
3573: 4 1 0
3574: 2 3 1
3575: 4 2 0
3576: 9 2 4
3577: 3 5 3
3578: 4 1 0
3579: 2 3 0
3580: 3 5 2
3581: 2 3 1
3582: 5 3 0
3583: 3 5 3
3584: 9 1 4
3585: 3 5 2
3586: 5 4 0
3587: 2 3 0
3588: 3 5 3
3589: 2 3 1
3590: 4 2 0
3591: 3 5 2
3592: 10 1 5
3593: 3 5 3
3594: 4 1 0
3595: 2 3 0
3596: 3 5 2
3597: 2 3 1
3598: 5 3 0
3599: 3 5 3
3600: 9 2 4
3601: 3 5 2
3602: 5 4 0
3603: 2 3 0
3604: 3 5 3
3605: 8 2 3
3606: 3 5 2
3607: 8 3 3
3608: 0 2 2
3609: 3 5 3
3610: 0 2 1
3611: 9 1 4
3612: 0 2 2
3613: 3 5 2
3614: 0 2 1
3615: 8 2 3
3616: 3 5 3
3617: 10 2 5
3618: 3 5 2
3619: 8 3 3
3620: 0 2 2
3621: 3 5 3
3622: 0 2 1
3623: 9 2 4
3624: 0 2 2
3625: 3 5 2
3626: 0 2 1
3627: 8 2 3
3628: 9 3 4
3629: 4 0 0
3630: 0 2 0
3631: 7 1 2
3632: 1 0 2
3633: 1 0 1
3634: 8 3 3
3635: 1 0 2
3636: 1 0 3
3637: 7 0 2
3638: 0 2 1
3639: 0 2 2
3640: 0 2 3
3641: 4 1 0
3642: 7 1 2
3643: 1 0 2
3644: 1 0 1
3645: 1 0 0
3646: 10 1 5
3647: 1 0 1
3648: 1 0 2
3649: 1 0 3
3650: 4 0 0
3651: 1 0 2
3652: 1 0 1
3653: 10 0 5
3654: 0 2 4