Algorithm Performed: DFS
Time Elapsed: 0.80 sec
Expanded Nodes: 3064
Memory Usage at peak: 3.7162 MB
Solution Steps: 2838 steps

0001: 1 0 1
0002: 7 1 0
0003: 7 0 0
0004: 0 2 0
0005: 8 2 2
0006: 6 5 2
0007: 6 5 1
0008: 6 5 0
0009: 8 1 2
0010: 5 4 1
0011: 5 4 2
0012: 5 4 3
0013: 6 5 1
0014: 5 4 2
0015: 5 4 1
0016: 5 4 0
0017: 6 5 2
0018: 5 4 1
0019: 5 4 2
0020: 5 4 3
0021: 6 5 3
0022: 8 2 2
0023: 8 3 2
0024: 0 2 1
0025: 7 1 0
0026: 1 0 0
0027: 2 0 2
0028: 7 2 0
0029: 2 0 3
0030: 1 0 1
0031: 7 3 0
0032: 0 2 0
0033: 1 0 0
0034: 0 2 1
0035: 2 0 2
0036: 0 2 0
0037: 7 4 0
0038: 0 2 1
0039: 2 0 3
0040: 0 2 0
0041: 1 0 1
0042: 8 2 2
0043: 1 0 0
0044: 2 0 2
0045: 6 5 2
0046: 2 0 3
0047: 1 0 1
0048: 6 5 1
0049: 1 0 0
0050: 2 0 2
0051: 7 3 0
0052: 2 0 3
0053: 1 0 1
0054: 6 5 0
0055: 1 0 0
0056: 2 0 2
0057: 8 1 2
0058: 2 0 3
0059: 1 0 1
0060: 5 4 2
0061: 1 0 0
0062: 2 0 2
0063: 5 4 1
0064: 2 0 3
0065: 1 0 1
0066: 6 5 1
0067: 1 0 0
0068: 2 0 2
0069: 5 4 2
0070: 2 0 3
0071: 1 0 1
0072: 5 4 3
0073: 1 0 0
0074: 2 0 2
0075: 6 5 2
0076: 2 0 3
0077: 1 0 1
0078: 5 4 2
0079: 1 0 0
0080: 2 0 2
0081: 5 4 1
0082: 2 0 3
0083: 1 0 1
0084: 6 5 3
0085: 1 0 0
0086: 2 0 2
0087: 5 4 2
0088: 2 0 3
0089: 1 0 1
0090: 5 4 3
0091: 1 0 0
0092: 2 0 2
0093: 7 4 0
0094: 2 0 3
0095: 1 0 1
0096: 5 4 2
0097: 1 0 0
0098: 2 0 2
0099: 5 4 1
0100: 2 0 3
0101: 1 0 1
0102: 6 5 2
0103: 1 0 0
0104: 2 0 2
0105: 5 4 2
0106: 2 0 3
0107: 1 0 1
0108: 5 4 3
0109: 1 0 0
0110: 2 0 2
0111: 6 5 1
0112: 2 0 3
0113: 1 0 1
0114: 5 4 2
0115: 1 0 0
0116: 2 0 2
0117: 5 4 1
0118: 2 0 3
0119: 1 0 1
0120: 10 3 5
0121: 1 0 0
0122: 2 0 2
0123: 5 4 2
0124: 2 0 3
0125: 1 0 1
0126: 5 4 3
0127: 1 0 0
0128: 2 0 2
0129: 6 5 2
0130: 2 0 3
0131: 1 0 1
0132: 5 4 2
0133: 1 0 0
0134: 2 0 2
0135: 5 4 1
0136: 2 0 3
0137: 1 0 1
0138: 7 3 0
0139: 1 0 0
0140: 2 0 2
0141: 5 4 2
0142: 2 0 3
0143: 1 0 1
0144: 5 4 3
0145: 1 0 0
0146: 2 0 2
0147: 6 5 1
0148: 2 0 3
0149: 1 0 1
0150: 5 4 2
0151: 1 0 0
0152: 2 0 2
0153: 5 4 1
0154: 2 0 3
0155: 1 0 1
0156: 6 5 0
0157: 1 0 0
0158: 2 0 2
0159: 5 4 2
0160: 2 0 3
0161: 1 0 1
0162: 5 4 3
0163: 1 0 0
0164: 8 0 2
0165: 4 3 2
0166: 4 3 1
0167: 5 4 2
0168: 4 3 2
0169: 4 3 3
0170: 5 4 1
0171: 4 3 2
0172: 4 3 1
0173: 6 5 1
0174: 4 3 2
0175: 4 3 3
0176: 5 4 2
0177: 4 3 2
0178: 4 3 1
0179: 5 4 3
0180: 4 3 2
0181: 4 3 3
0182: 6 5 2
0183: 4 3 2
0184: 4 3 1
0185: 5 4 2
0186: 4 3 2
0187: 4 3 3
0188: 5 4 1
0189: 4 3 2
0190: 4 3 1
0191: 7 4 0
0192: 4 3 0
0193: 5 4 2
0194: 4 3 1
0195: 4 3 2
0196: 4 3 3
0197: 5 4 1
0198: 4 3 2
0199: 6 5 1
0200: 4 3 1
0201: 4 3 0
0202: 5 4 2
0203: 4 3 1
0204: 4 3 2
0205: 4 3 3
0206: 5 4 1
0207: 10 2 5
0208: 4 3 2
0209: 4 3 1
0210: 4 3 0
0211: 5 4 2
0212: 4 3 1
0213: 4 3 2
0214: 4 3 3
0215: 5 4 3
0216: 4 3 2
0217: 4 3 1
0218: 4 3 0
0219: 6 5 2
0220: 4 3 1
0221: 4 3 2
0222: 4 3 3
0223: 5 4 2
0224: 4 3 2
0225: 4 3 1
0226: 4 3 0
0227: 5 4 1
0228: 4 3 1
0229: 4 3 2
0230: 4 3 3
0231: 6 5 3
0232: 4 3 2
0233: 4 3 1
0234: 4 3 0
0235: 5 4 2
0236: 4 3 1
0237: 4 3 2
0238: 4 3 3
0239: 5 4 3
0240: 4 3 2
0241: 4 3 1
0242: 4 3 0
0243: 8 1 2
0244: 1 0 1
0245: 5 4 2
0246: 1 0 0
0247: 2 0 2
0248: 5 4 1
0249: 2 0 3
0250: 1 0 1
0251: 6 5 2
0252: 1 0 0
0253: 2 0 2
0254: 5 4 2
0255: 2 0 3
0256: 1 0 1
0257: 5 4 3
0258: 1 0 0
0259: 2 0 2
0260: 6 5 1
0261: 2 0 3
0262: 1 0 1
0263: 5 4 2
0264: 1 0 0
0265: 2 0 2
0266: 5 4 1
0267: 2 0 3
0268: 1 0 1
0269: 9 2 3
0270: 1 0 0
0271: 2 0 2
0272: 3 1 3
0273: 2 0 3
0274: 1 0 1
0275: 5 4 2
0276: 1 0 0
0277: 2 0 2
0278: 3 1 4
0279: 2 0 3
0280: 1 0 1
0281: 5 4 3
0282: 1 0 0
0283: 2 0 2
0284: 3 1 3
0285: 2 0 3
0286: 1 0 1
0287: 6 5 2
0288: 1 0 0
0289: 2 0 2
0290: 3 1 4
0291: 2 0 3
0292: 1 0 1
0293: 5 4 2
0294: 1 0 0
0295: 2 0 2
0296: 3 1 3
0297: 2 0 3
0298: 1 0 1
0299: 5 4 1
0300: 1 0 0
0301: 2 0 2
0302: 3 1 4
0303: 2 0 3
0304: 1 0 1
0305: 6 5 3
0306: 1 0 0
0307: 2 0 2
0308: 3 1 3
0309: 2 0 3
0310: 1 0 1
0311: 5 4 2
0312: 1 0 0
0313: 2 0 2
0314: 3 1 4
0315: 2 0 3
0316: 1 0 1
0317: 5 4 3
0318: 1 0 0
0319: 2 0 2
0320: 3 1 3
0321: 2 0 3
0322: 1 0 1
0323: 8 2 2
0324: 1 0 0
0325: 2 0 2
0326: 3 1 2
0327: 2 0 3
0328: 1 0 1
0329: 3 1 1
0330: 1 0 0
0331: 2 0 2
0332: 3 1 0
0333: 2 0 3
0334: 1 0 1
0335: 6 5 2
0336: 1 0 0
0337: 2 0 2
0338: 3 1 1
0339: 2 0 3
0340: 1 0 1
0341: 3 1 2
0342: 1 0 0
0343: 2 0 2
0344: 3 1 3
0345: 2 0 3
0346: 1 0 1
0347: 3 1 4
0348: 1 0 0
0349: 2 0 2
0350: 6 5 1
0351: 2 0 3
0352: 1 0 1
0353: 3 1 3
0354: 1 0 0
0355: 2 0 2
0356: 3 1 2
0357: 2 0 3
0358: 1 0 1
0359: 3 1 1
0360: 1 0 0
0361: 2 0 2
0362: 3 1 0
0363: 2 0 3
0364: 1 0 1
0365: 8 1 2
0366: 1 0 0
0367: 2 0 2
0368: 5 4 2
0369: 2 0 3
0370: 1 0 1
0371: 5 4 1
0372: 1 0 0
0373: 2 0 2
0374: 6 5 2
0375: 2 0 3
0376: 1 0 1
0377: 5 4 2
0378: 1 0 0
0379: 2 0 2
0380: 5 4 3
0381: 2 0 3
0382: 1 0 1
0383: 6 5 3
0384: 1 0 0
0385: 2 0 2
0386: 5 4 2
0387: 2 0 3
0388: 1 0 1
0389: 5 4 1
0390: 1 0 0
0391: 2 0 2
0392: 9 1 3
0393: 2 0 3
0394: 1 0 1
0395: 5 4 2
0396: 1 0 0
0397: 2 0 2
0398: 5 4 3
0399: 2 0 3
0400: 1 0 1
0401: 6 5 2
0402: 1 0 0
0403: 2 0 2
0404: 5 4 2
0405: 2 0 3
0406: 1 0 1
0407: 5 4 1
0408: 1 0 0
0409: 2 0 2
0410: 6 5 1
0411: 2 0 3
0412: 1 0 1
0413: 5 4 2
0414: 1 0 0
0415: 2 0 2
0416: 5 4 3
0417: 2 0 3
0418: 1 0 1
0419: 8 2 2
0420: 1 0 0
0421: 2 0 2
0422: 3 1 1
0423: 2 0 3
0424: 1 0 1
0425: 6 5 2
0426: 1 0 0
0427: 2 0 2
0428: 3 1 0
0429: 2 0 3
0430: 1 0 1
0431: 6 5 3
0432: 1 0 0
0433: 2 0 2
0434: 3 1 1
0435: 2 0 3
0436: 1 0 1
0437: 8 3 2
0438: 0 2 1
0439: 1 0 0
0440: 0 2 0
0441: 2 0 2
0442: 0 2 1
0443: 3 1 0
0444: 0 2 0
0445: 2 0 3
0446: 0 2 1
0447: 1 0 1
0448: 0 2 0
0449: 9 2 3
0450: 0 2 1
0451: 1 0 0
0452: 0 2 0
0453: 2 0 2
0454: 0 2 1
0455: 3 1 1
0456: 0 2 0
0457: 2 0 3
0458: 0 2 1
0459: 1 0 1
0460: 0 2 0
0461: 3 1 2
0462: 0 2 1
0463: 1 0 0
0464: 0 2 0
0465: 2 0 2
0466: 0 2 1
0467: 3 1 3
0468: 0 2 0
0469: 2 0 3
0470: 0 2 1
0471: 1 0 1
0472: 0 2 0
0473: 3 1 4
0474: 0 2 1
0475: 1 0 0
0476: 0 2 0
0477: 2 0 2
0478: 0 2 1
0479: 9 1 3
0480: 0 2 0
0481: 2 0 3
0482: 0 2 1
0483: 1 0 1
0484: 0 2 0
0485: 8 2 2
0486: 1 0 0
0487: 2 0 2
0488: 6 5 2
0489: 2 0 3
0490: 1 0 1
0491: 6 5 1
0492: 1 0 0
0493: 2 0 2
0494: 10 3 5
0495: 2 0 3
0496: 1 0 1
0497: 6 5 2
0498: 1 0 0
0499: 2 0 2
0500: 8 1 2
0501: 2 0 3
0502: 1 0 1
0503: 5 4 2
0504: 1 0 0
0505: 2 0 2
0506: 5 4 1
0507: 2 0 3
0508: 1 0 1
0509: 6 5 1
0510: 1 0 0
0511: 2 0 2
0512: 5 4 2
0513: 2 0 3
0514: 1 0 1
0515: 5 4 3
0516: 1 0 0
0517: 2 0 2
0518: 9 2 3
0519: 2 0 3
0520: 1 0 1
0521: 3 1 3
0522: 1 0 0
0523: 2 0 2
0524: 5 4 2
0525: 2 0 3
0526: 1 0 1
0527: 3 1 4
0528: 1 0 0
0529: 2 0 2
0530: 5 4 1
0531: 2 0 3
0532: 1 0 1
0533: 3 1 3
0534: 1 0 0
0535: 2 0 2
0536: 6 5 2
0537: 2 0 3
0538: 1 0 1
0539: 3 1 4
0540: 1 0 0
0541: 2 0 2
0542: 5 4 2
0543: 2 0 3
0544: 1 0 1
0545: 3 1 3
0546: 1 0 0
0547: 2 0 2
0548: 5 4 3
0549: 2 0 3
0550: 1 0 1
0551: 3 1 4
0552: 1 0 0
0553: 2 0 2
0554: 8 2 2
0555: 2 0 3
0556: 1 0 1
0557: 3 1 3
0558: 1 0 0
0559: 2 0 2
0560: 3 1 2
0561: 2 0 3
0562: 1 0 1
0563: 3 1 1
0564: 1 0 0
0565: 2 0 2
0566: 3 1 0
0567: 2 0 3
0568: 1 0 1
0569: 6 5 1
0570: 1 0 0
0571: 2 0 2
0572: 3 1 1
0573: 2 0 3
0574: 1 0 1
0575: 9 1 3
0576: 1 0 0
0577: 2 0 2
0578: 3 1 0
0579: 2 0 3
0580: 1 0 1
0581: 6 5 2
0582: 1 0 0
0583: 2 0 2
0584: 8 1 2
0585: 2 0 3
0586: 1 0 1
0587: 5 4 2
0588: 1 0 0
0589: 2 0 2
0590: 5 4 1
0591: 2 0 3
0592: 1 0 1
0593: 6 5 1
0594: 1 0 0
0595: 2 0 2
0596: 5 4 2
0597: 2 0 3
0598: 1 0 1
0599: 5 4 3
0600: 1 0 0
0601: 2 0 2
0602: 9 2 3
0603: 2 0 3
0604: 1 0 1
0605: 5 4 2
0606: 1 0 0
0607: 2 0 2
0608: 5 4 1
0609: 2 0 3
0610: 1 0 1
0611: 6 5 2
0612: 1 0 0
0613: 2 0 2
0614: 5 4 2
0615: 2 0 3
0616: 1 0 1
0617: 5 4 3
0618: 1 0 0
0619: 8 0 2
0620: 4 3 1
0621: 5 4 2
0622: 4 3 0
0623: 5 4 1
0624: 4 3 1
0625: 6 5 1
0626: 4 3 0
0627: 5 4 2
0628: 4 3 1
0629: 5 4 3
0630: 4 3 0
0631: 9 1 3
0632: 4 3 1
0633: 4 3 2
0634: 4 3 3
0635: 5 4 2
0636: 4 3 2
0637: 4 3 1
0638: 4 3 0
0639: 5 4 1
0640: 4 3 1
0641: 4 3 2
0642: 4 3 3
0643: 6 5 2
0644: 4 3 2
0645: 4 3 1
0646: 4 3 0
0647: 5 4 2
0648: 4 3 1
0649: 4 3 2
0650: 4 3 3
0651: 5 4 3
0652: 4 3 2
0653: 4 3 1
0654: 4 3 0
0655: 10 2 5
0656: 4 3 1
0657: 4 3 2
0658: 4 3 3
0659: 5 4 2
0660: 4 3 2
0661: 4 3 1
0662: 4 3 0
0663: 5 4 1
0664: 4 3 1
0665: 4 3 2
0666: 4 3 3
0667: 6 5 1
0668: 4 3 2
0669: 4 3 1
0670: 4 3 0
0671: 5 4 2
0672: 4 3 1
0673: 4 3 2
0674: 4 3 3
0675: 5 4 3
0676: 4 3 2
0677: 4 3 1
0678: 4 3 0
0679: 9 2 3
0680: 4 3 1
0681: 5 4 2
0682: 4 3 0
0683: 5 4 1
0684: 4 3 1
0685: 6 5 2
0686: 4 3 0
0687: 5 4 2
0688: 4 3 1
0689: 5 4 3
0690: 4 3 0
0691: 6 5 3
0692: 4 3 1
0693: 5 4 2
0694: 4 3 0
0695: 5 4 1
0696: 4 3 1
0697: 7 3 0
0698: 5 4 2
0699: 5 4 3
0700: 6 5 2
0701: 5 4 2
0702: 5 4 1
0703: 6 5 1
0704: 5 4 2
0705: 5 4 3
0706: 6 5 0
0707: 5 4 2
0708: 5 4 1
0709: 9 1 3
0710: 4 3 2
0711: 4 3 3
0712: 5 4 2
0713: 4 3 2
0714: 4 3 1
0715: 5 4 3
0716: 4 3 2
0717: 4 3 3
0718: 6 5 1
0719: 4 3 2
0720: 4 3 1
0721: 5 4 2
0722: 4 3 2
0723: 4 3 3
0724: 5 4 1
0725: 4 3 2
0726: 4 3 1
0727: 6 5 2
0728: 4 3 2
0729: 4 3 3
0730: 5 4 2
0731: 4 3 2
0732: 4 3 1
0733: 5 4 3
0734: 4 3 2
0735: 4 3 3
0736: 6 5 3
0737: 4 3 2
0738: 4 3 1
0739: 5 4 2
0740: 4 3 2
0741: 4 3 3
0742: 5 4 1
0743: 4 3 2
0744: 4 3 1
0745: 7 4 0
0746: 4 3 0
0747: 5 4 2
0748: 4 3 1
0749: 4 3 2
0750: 4 3 3
0751: 5 4 1
0752: 4 3 2
0753: 10 1 5
0754: 4 3 1
0755: 4 3 0
0756: 5 4 2
0757: 4 3 1
0758: 4 3 2
0759: 4 3 3
0760: 5 4 1
0761: 6 5 2
0762: 4 3 2
0763: 4 3 1
0764: 4 3 0
0765: 5 4 2
0766: 4 3 1
0767: 4 3 2
0768: 4 3 3
0769: 5 4 3
0770: 4 3 2
0771: 4 3 1
0772: 4 3 0
0773: 5 4 4
0774: 4 3 1
0775: 4 3 2
0776: 4 3 3
0777: 6 5 1
0778: 4 3 2
0779: 4 3 1
0780: 4 3 0
0781: 5 4 3
0782: 4 3 1
0783: 4 3 2
0784: 4 3 3
0785: 5 4 2
0786: 4 3 2
0787: 4 3 1
0788: 4 3 0
0789: 5 4 1
0790: 4 3 1
0791: 4 3 2
0792: 4 3 3
0793: 7 3 0
0794: 4 3 2
0795: 4 3 1
0796: 5 4 2
0797: 4 3 2
0798: 4 3 3
0799: 5 4 3
0800: 4 3 2
0801: 4 3 1
0802: 5 4 4
0803: 4 3 2
0804: 4 3 3
0805: 6 5 0
0806: 4 3 2
0807: 4 3 1
0808: 5 4 3
0809: 4 3 2
0810: 4 3 3
0811: 5 4 2
0812: 4 3 2
0813: 4 3 1
0814: 5 4 1
0815: 4 3 2
0816: 4 3 3
0817: 8 1 2
0818: 1 0 1
0819: 5 4 2
0820: 1 0 0
0821: 2 0 2
0822: 5 4 1
0823: 6 5 1
0824: 2 0 3
0825: 1 0 1
0826: 5 4 2
0827: 1 0 0
0828: 2 0 2
0829: 5 4 3
0830: 2 0 3
0831: 1 0 1
0832: 5 4 4
0833: 1 0 0
0834: 2 0 2
0835: 6 5 0
0836: 2 0 3
0837: 1 0 1
0838: 5 4 3
0839: 1 0 0
0840: 2 0 2
0841: 8 2 2
0842: 2 0 3
0843: 1 0 1
0844: 3 1 1
0845: 1 0 0
0846: 2 0 2
0847: 5 4 4
0848: 2 0 3
0849: 1 0 1
0850: 3 1 0
0851: 1 0 0
0852: 2 0 2
0853: 6 5 1
0854: 2 0 3
0855: 1 0 1
0856: 3 1 1
0857: 1 0 0
0858: 2 0 2
0859: 5 4 3
0860: 2 0 3
0861: 1 0 1
0862: 3 1 0
0863: 1 0 0
0864: 2 0 2
0865: 6 5 2
0866: 2 0 3
0867: 1 0 1
0868: 3 1 1
0869: 1 0 0
0870: 2 0 2
0871: 5 4 4
0872: 2 0 3
0873: 1 0 1
0874: 3 1 0
0875: 1 0 0
0876: 2 0 2
0877: 6 5 3
0878: 2 0 3
0879: 1 0 1
0880: 3 1 1
0881: 1 0 0
0882: 2 0 2
0883: 5 4 3
0884: 2 0 3
0885: 1 0 1
0886: 3 1 0
0887: 1 0 0
0888: 2 0 2
0889: 7 4 0
0890: 2 0 3
0891: 1 0 1
0892: 3 1 1
0893: 1 0 0
0894: 2 0 2
0895: 5 4 4
0896: 2 0 3
0897: 1 0 1
0898: 3 1 0
0899: 1 0 0
0900: 2 0 2
0901: 6 5 2
0902: 2 0 3
0903: 1 0 1
0904: 3 1 1
0905: 1 0 0
0906: 2 0 2
0907: 5 4 3
0908: 2 0 3
0909: 1 0 1
0910: 3 1 0
0911: 1 0 0
0912: 2 0 2
0913: 6 5 1
0914: 2 0 3
0915: 1 0 1
0916: 3 1 1
0917: 1 0 0
0918: 2 0 2
0919: 5 4 4
0920: 2 0 3
0921: 1 0 1
0922: 3 1 0
0923: 1 0 0
0924: 2 0 2
0925: 8 1 2
0926: 2 0 3
0927: 1 0 1
0928: 5 4 3
0929: 1 0 0
0930: 2 0 2
0931: 5 4 2
0932: 2 0 3
0933: 1 0 1
0934: 5 4 1
0935: 1 0 0
0936: 2 0 2
0937: 6 5 2
0938: 2 0 3
0939: 1 0 1
0940: 5 4 2
0941: 1 0 0
0942: 2 0 2
0943: 5 4 3
0944: 2 0 3
0945: 1 0 1
0946: 5 4 4
0947: 1 0 0
0948: 2 0 2
0949: 6 5 3
0950: 2 0 3
0951: 1 0 1
0952: 5 4 3
0953: 1 0 0
0954: 2 0 2
0955: 5 4 2
0956: 2 0 3
0957: 1 0 1
0958: 5 4 1
0959: 1 0 0
0960: 2 0 2
0961: 7 3 0
0962: 2 0 3
0963: 1 0 1
0964: 5 4 2
0965: 1 0 0
0966: 2 0 2
0967: 5 4 3
0968: 2 0 3
0969: 1 0 1
0970: 5 4 4
0971: 1 0 0
0972: 2 0 2
0973: 6 5 2
0974: 2 0 3
0975: 1 0 1
0976: 5 4 3
0977: 1 0 0
0978: 2 0 2
0979: 5 4 2
0980: 2 0 3
0981: 1 0 1
0982: 5 4 1
0983: 1 0 0
0984: 2 0 2
0985: 10 0 5
0986: 4 3 4
0987: 5 4 2
0988: 4 3 3
0989: 5 4 3
0990: 4 3 4
0991: 5 4 4
0992: 4 3 3
0993: 6 5 1
0994: 4 3 4
0995: 5 4 3
0996: 4 3 3
0997: 5 4 2
0998: 4 3 4
0999: 5 4 1
1000: 4 3 3
1001: 6 5 0
1002: 4 3 4
1003: 5 4 2
1004: 4 3 3
1005: 5 4 3
1006: 4 3 4
1007: 5 4 4
1008: 4 3 3
1009: 8 2 2
1010: 3 1 1
1011: 4 3 4
1012: 3 1 0
1013: 5 4 3
1014: 3 1 1
1015: 4 3 3
1016: 3 1 0
1017: 6 5 1
1018: 3 1 1
1019: 4 3 4
1020: 3 1 0
1021: 5 4 4
1022: 3 1 1
1023: 4 3 3
1024: 3 1 0
1025: 6 5 2
1026: 3 1 1
1027: 4 3 4
1028: 3 1 0
1029: 5 4 3
1030: 3 1 1
1031: 4 3 3
1032: 3 1 0
1033: 6 5 3
1034: 3 1 1
1035: 4 3 4
1036: 3 1 0
1037: 5 4 4
1038: 3 1 1
1039: 4 3 3
1040: 3 1 0
1041: 7 4 0
1042: 3 1 1
1043: 4 3 4
1044: 3 1 0
1045: 5 4 3
1046: 3 1 1
1047: 4 3 3
1048: 3 1 0
1049: 6 5 2
1050: 3 1 1
1051: 4 3 4
1052: 3 1 0
1053: 5 4 4
1054: 3 1 1
1055: 4 3 3
1056: 3 1 0
1057: 6 5 1
1058: 3 1 1
1059: 4 3 4
1060: 3 1 0
1061: 5 4 3
1062: 3 1 1
1063: 4 3 3
1064: 3 1 0
1065: 8 1 2
1066: 4 3 4
1067: 5 4 2
1068: 4 3 3
1069: 5 4 1
1070: 4 3 4
1071: 6 5 2
1072: 4 3 3
1073: 5 4 2
1074: 4 3 4
1075: 5 4 3
1076: 4 3 3
1077: 5 4 4
1078: 4 3 4
1079: 6 5 1
1080: 9 2 3
1081: 5 4 3
1082: 5 4 2
1083: 5 4 1
1084: 6 5 2
1085: 5 4 2
1086: 5 4 3
1087: 5 4 4
1088: 6 5 3
1089: 5 4 3
1090: 5 4 2
1091: 5 4 1
1092: 7 3 0
1093: 5 4 2
1094: 5 4 3
1095: 5 4 4
1096: 6 5 2
1097: 5 4 3
1098: 5 4 2
1099: 5 4 1
1100: 6 5 1
1101: 5 4 2
1102: 5 4 3
1103: 5 4 4
1104: 6 5 0
1105: 5 4 3
1106: 5 4 2
1107: 5 4 1
1108: 9 3 3
1109: 9 4 3
1110: 4 3 3
1111: 10 1 5
1112: 2 0 3
1113: 1 0 1
1114: 10 2 5
1115: 1 0 0
1116: 2 0 2
1117: 10 3 5
1118: 2 0 3
1119: 8 0 2
1120: 4 3 2
1121: 4 3 1
1122: 9 3 3
1123: 6 5 1
1124: 6 5 2
1125: 7 4 0
1126: 4 3 0
1127: 6 5 1
1128: 4 3 1
1129: 10 2 5
1130: 4 3 0
1131: 6 5 2
1132: 4 3 1
1133: 6 5 3
1134: 4 3 0
1135: 8 1 2
1136: 1 0 1
1137: 6 5 2
1138: 1 0 0
1139: 2 0 2
1140: 6 5 1
1141: 2 0 3
1142: 1 0 1
1143: 10 1 5
1144: 1 0 0
1145: 2 0 2
1146: 6 5 2
1147: 2 0 3
1148: 1 0 1
1149: 6 5 3
1150: 1 0 0
1151: 2 0 2
1152: 9 2 3
1153: 2 0 3
1154: 1 0 1
1155: 5 4 2
1156: 1 0 0
1157: 2 0 2
1158: 5 4 3
1159: 2 0 3
1160: 1 0 1
1161: 5 4 4
1162: 1 0 0
1163: 2 0 2
1164: 6 5 2
1165: 2 0 3
1166: 1 0 1
1167: 5 4 3
1168: 1 0 0
1169: 2 0 2
1170: 5 4 2
1171: 2 0 3
1172: 1 0 1
1173: 5 4 1
1174: 1 0 0
1175: 2 0 2
1176: 6 5 1
1177: 2 0 3
1178: 1 0 1
1179: 5 4 2
1180: 1 0 0
1181: 2 0 2
1182: 5 4 3
1183: 2 0 3
1184: 1 0 1
1185: 5 4 4
1186: 1 0 0
1187: 2 0 2
1188: 8 2 2
1189: 2 0 3
1190: 1 0 1
1191: 3 1 1
1192: 1 0 0
1193: 2 0 2
1194: 3 1 2
1195: 2 0 3
1196: 1 0 1
1197: 3 1 3
1198: 1 0 0
1199: 2 0 2
1200: 5 4 3
1201: 2 0 3
1202: 1 0 1
1203: 3 1 2
1204: 1 0 0
1205: 2 0 2
1206: 3 1 1
1207: 2 0 3
1208: 1 0 1
1209: 3 1 0
1210: 1 0 0
1211: 2 0 2
1212: 6 5 2
1213: 2 0 3
1214: 1 0 1
1215: 3 1 1
1216: 1 0 0
1217: 2 0 2
1218: 3 1 2
1219: 2 0 3
1220: 1 0 1
1221: 3 1 3
1222: 1 0 0
1223: 2 0 2
1224: 5 4 4
1225: 2 0 3
1226: 1 0 1
1227: 3 1 2
1228: 1 0 0
1229: 2 0 2
1230: 3 1 1
1231: 2 0 3
1232: 1 0 1
1233: 3 1 0
1234: 1 0 0
1235: 2 0 2
1236: 6 5 3
1237: 2 0 3
1238: 1 0 1
1239: 3 1 1
1240: 1 0 0
1241: 2 0 2
1242: 3 1 2
1243: 2 0 3
1244: 1 0 1
1245: 3 1 3
1246: 1 0 0
1247: 2 0 2
1248: 5 4 3
1249: 2 0 3
1250: 1 0 1
1251: 3 1 2
1252: 1 0 0
1253: 2 0 2
1254: 3 1 1
1255: 2 0 3
1256: 1 0 1
1257: 3 1 0
1258: 1 0 0
1259: 2 0 2
1260: 8 3 2
1261: 0 2 1
1262: 2 0 3
1263: 0 2 0
1264: 1 0 1
1265: 0 2 1
1266: 3 1 1
1267: 0 2 0
1268: 1 0 0
1269: 0 2 1
1270: 2 0 2
1271: 0 2 0
1272: 3 1 2
1273: 0 2 1
1274: 2 0 3
1275: 0 2 0
1276: 1 0 1
1277: 0 2 1
1278: 3 1 3
1279: 0 2 0
1280: 1 0 0
1281: 0 2 1
1282: 2 0 2
1283: 0 2 0
1284: 5 4 4
1285: 0 2 1
1286: 2 0 3
1287: 0 2 0
1288: 1 0 1
1289: 0 2 1
1290: 3 1 2
1291: 0 2 0
1292: 1 0 0
1293: 0 2 1
1294: 2 0 2
1295: 0 2 0
1296: 3 1 1
1297: 0 2 1
1298: 2 0 3
1299: 0 2 0
1300: 1 0 1
1301: 0 2 1
1302: 3 1 0
1303: 0 2 0
1304: 1 0 0
1305: 0 2 1
1306: 2 0 2
1307: 0 2 0
1308: 9 1 3
1309: 0 2 1
1310: 2 0 3
1311: 0 2 0
1312: 1 0 1
1313: 0 2 1
1314: 3 1 1
1315: 0 2 0
1316: 1 0 0
1317: 0 2 1
1318: 2 0 2
1319: 0 2 0
1320: 5 4 3
1321: 0 2 1
1322: 2 0 3
1323: 0 2 0
1324: 1 0 1
1325: 0 2 1
1326: 3 1 0
1327: 0 2 0
1328: 1 0 0
1329: 0 2 1
1330: 2 0 2
1331: 0 2 0
1332: 8 2 2
1333: 2 0 3
1334: 1 0 1
1335: 3 1 1
1336: 1 0 0
1337: 2 0 2
1338: 5 4 4
1339: 2 0 3
1340: 1 0 1
1341: 3 1 0
1342: 1 0 0
1343: 2 0 2
1344: 6 5 2
1345: 2 0 3
1346: 1 0 1
1347: 3 1 1
1348: 1 0 0
1349: 2 0 2
1350: 5 4 3
1351: 2 0 3
1352: 1 0 1
1353: 3 1 0
1354: 1 0 0
1355: 2 0 2
1356: 6 5 1
1357: 2 0 3
1358: 1 0 1
1359: 3 1 1
1360: 1 0 0
1361: 2 0 2
1362: 5 4 4
1363: 2 0 3
1364: 1 0 1
1365: 3 1 0
1366: 1 0 0
1367: 2 0 2
1368: 8 1 2
1369: 2 0 3
1370: 1 0 1
1371: 5 4 3
1372: 1 0 0
1373: 2 0 2
1374: 5 4 2
1375: 2 0 3
1376: 1 0 1
1377: 5 4 1
1378: 1 0 0
1379: 2 0 2
1380: 6 5 2
1381: 2 0 3
1382: 1 0 1
1383: 5 4 2
1384: 1 0 0
1385: 2 0 2
1386: 5 4 3
1387: 2 0 3
1388: 1 0 1
1389: 5 4 4
1390: 1 0 0
1391: 2 0 2
1392: 6 5 3
1393: 2 0 3
1394: 1 0 1
1395: 5 4 3
1396: 1 0 0
1397: 2 0 2
1398: 5 4 2
1399: 2 0 3
1400: 1 0 1
1401: 5 4 1
1402: 1 0 0
1403: 2 0 2
1404: 10 0 5
1405: 5 4 2
1406: 5 4 3
1407: 5 4 4
1408: 6 5 2
1409: 5 4 3
1410: 5 4 2
1411: 5 4 1
1412: 6 5 1
1413: 5 4 2
1414: 5 4 3
1415: 5 4 4
1416: 8 2 2
1417: 3 1 1
1418: 5 4 3
1419: 3 1 0
1420: 6 5 2
1421: 3 1 1
1422: 5 4 4
1423: 3 1 0
1424: 6 5 3
1425: 3 1 1
1426: 5 4 3
1427: 3 1 0
1428: 8 3 2
1429: 0 2 1
1430: 3 1 1
1431: 0 2 0
1432: 5 4 4
1433: 0 2 1
1434: 3 1 0
1435: 0 2 0
1436: 9 2 3
1437: 0 2 1
1438: 3 1 1
1439: 0 2 0
1440: 3 1 2
1441: 0 2 1
1442: 3 1 3
1443: 0 2 0
1444: 5 4 3
1445: 0 2 1
1446: 3 1 2
1447: 0 2 0
1448: 3 1 1
1449: 0 2 1
1450: 3 1 0
1451: 0 2 0
1452: 8 2 2
1453: 3 1 1
1454: 3 1 2
1455: 3 1 3
1456: 5 4 4
1457: 3 1 2
1458: 3 1 1
1459: 3 1 0
1460: 6 5 2
1461: 3 1 1
1462: 3 1 2
1463: 3 1 3
1464: 5 4 3
1465: 3 1 2
1466: 3 1 1
1467: 3 1 0
1468: 6 5 1
1469: 3 1 1
1470: 3 1 2
1471: 3 1 3
1472: 5 4 4
1473: 3 1 2
1474: 3 1 1
1475: 3 1 0
1476: 8 1 2
1477: 5 4 3
1478: 5 4 2
1479: 5 4 1
1480: 6 5 2
1481: 5 4 2
1482: 5 4 3
1483: 5 4 4
1484: 6 5 3
1485: 9 3 3
1486: 6 5 2
1487: 6 5 1
1488: 8 2 2
1489: 3 1 1
1490: 3 1 2
1491: 3 1 3
1492: 6 5 2
1493: 3 1 2
1494: 3 1 1
1495: 3 1 0
1496: 6 5 3
1497: 3 1 1
1498: 3 1 2
1499: 3 1 3
1500: 8 1 2
1501: 6 5 2
1502: 6 5 1
1503: 9 2 3
1504: 5 4 3
1505: 5 4 2
1506: 5 4 1
1507: 6 5 2
1508: 5 4 2
1509: 5 4 3
1510: 5 4 4
1511: 6 5 3
1512: 5 4 3
1513: 5 4 2
1514: 5 4 1
1515: 9 3 3
1516: 6 5 2
1517: 6 5 1
1518: 10 1 5
1519: 2 0 3
1520: 1 0 1
1521: 6 5 2
1522: 1 0 0
1523: 2 0 2
1524: 6 5 3
1525: 2 0 3
1526: 1 0 1
1527: 9 2 3
1528: 1 0 0
1529: 2 0 2
1530: 5 4 2
1531: 2 0 3
1532: 1 0 1
1533: 5 4 3
1534: 1 0 0
1535: 2 0 2
1536: 5 4 4
1537: 2 0 3
1538: 1 0 1
1539: 6 5 2
1540: 1 0 0
1541: 2 0 2
1542: 5 4 3
1543: 2 0 3
1544: 1 0 1
1545: 5 4 2
1546: 1 0 0
1547: 2 0 2
1548: 5 4 1
1549: 2 0 3
1550: 1 0 1
1551: 6 5 1
1552: 1 0 0
1553: 2 0 2
1554: 5 4 2
1555: 2 0 3
1556: 1 0 1
1557: 5 4 3
1558: 1 0 0
1559: 2 0 2
1560: 5 4 4
1561: 2 0 3
1562: 1 0 1
1563: 9 3 3
1564: 1 0 0
1565: 2 0 2
1566: 6 5 2
1567: 2 0 3
1568: 1 0 1
1569: 6 5 3
1570: 1 0 0
1571: 2 0 2
1572: 8 2 2
1573: 2 0 3
1574: 1 0 1
1575: 3 1 2
1576: 1 0 0
1577: 2 0 2
1578: 3 1 1
1579: 2 0 3
1580: 1 0 1
1581: 3 1 0
1582: 1 0 0
1583: 2 0 2
1584: 6 5 2
1585: 2 0 3
1586: 1 0 1
1587: 3 1 1
1588: 1 0 0
1589: 2 0 2
1590: 3 1 2
1591: 2 0 3
1592: 1 0 1
1593: 3 1 3
1594: 1 0 0
1595: 2 0 2
1596: 6 5 1
1597: 2 0 3
1598: 1 0 1
1599: 3 1 2
1600: 1 0 0
1601: 2 0 2
1602: 3 1 1
1603: 2 0 3
1604: 1 0 1
1605: 3 1 0
1606: 1 0 0
1607: 2 0 2
1608: 8 1 2
1609: 2 0 3
1610: 1 0 1
1611: 6 5 2
1612: 1 0 0
1613: 2 0 2
1614: 6 5 3
1615: 2 0 3
1616: 8 0 2
1617: 4 3 1
1618: 6 5 2
1619: 4 3 0
1620: 6 5 1
1621: 4 3 1
1622: 7 3 0
1623: 6 5 0
1624: 9 2 3
1625: 5 4 3
1626: 5 4 2
1627: 5 4 1
1628: 6 5 1
1629: 5 4 2
1630: 5 4 3
1631: 5 4 4
1632: 6 5 2
1633: 5 4 3
1634: 5 4 2
1635: 5 4 1
1636: 6 5 3
1637: 5 4 2
1638: 5 4 3
1639: 5 4 4
1640: 7 4 0
1641: 4 3 0
1642: 5 4 3
1643: 4 3 1
1644: 9 1 3
1645: 4 3 0
1646: 5 4 4
1647: 4 3 1
1648: 4 3 2
1649: 4 3 3
1650: 5 4 3
1651: 4 3 2
1652: 10 2 5
1653: 4 3 3
1654: 8 1 2
1655: 1 0 1
1656: 5 4 2
1657: 1 0 0
1658: 2 0 2
1659: 5 4 1
1660: 2 0 3
1661: 1 0 1
1662: 6 5 2
1663: 1 0 0
1664: 2 0 2
1665: 5 4 2
1666: 2 0 3
1667: 1 0 1
1668: 5 4 3
1669: 1 0 0
1670: 2 0 2
1671: 6 5 1
1672: 2 0 3
1673: 1 0 1
1674: 5 4 2
1675: 1 0 0
1676: 2 0 2
1677: 5 4 1
1678: 2 0 3
1679: 1 0 1
1680: 7 3 0
1681: 1 0 0
1682: 2 0 2
1683: 5 4 2
1684: 2 0 3
1685: 1 0 1
1686: 5 4 3
1687: 1 0 0
1688: 2 0 2
1689: 6 5 0
1690: 2 0 3
1691: 1 0 1
1692: 5 4 2
1693: 1 0 0
1694: 2 0 2
1695: 5 4 1
1696: 2 0 3
1697: 1 0 1
1698: 10 3 5
1699: 1 0 0
1700: 2 0 2
1701: 5 4 2
1702: 2 0 3
1703: 1 0 1
1704: 5 4 3
1705: 1 0 0
1706: 2 0 2
1707: 6 5 1
1708: 2 0 3
1709: 1 0 1
1710: 5 4 2
1711: 1 0 0
1712: 2 0 2
1713: 5 4 1
1714: 2 0 3
1715: 1 0 1
1716: 6 5 2
1717: 1 0 0
1718: 2 0 2
1719: 5 4 2
1720: 2 0 3
1721: 1 0 1
1722: 5 4 3
1723: 1 0 0
1724: 2 0 2
1725: 7 4 0
1726: 2 0 3
1727: 1 0 1
1728: 5 4 2
1729: 1 0 0
1730: 2 0 2
1731: 5 4 1
1732: 2 0 3
1733: 1 0 1
1734: 6 5 1
1735: 1 0 0
1736: 2 0 2
1737: 5 4 2
1738: 2 0 3
1739: 1 0 1
1740: 5 4 3
1741: 1 0 0
1742: 2 0 2
1743: 8 2 2
1744: 2 0 3
1745: 1 0 1
1746: 3 1 1
1747: 1 0 0
1748: 2 0 2
1749: 6 5 2
1750: 2 0 3
1751: 1 0 1
1752: 3 1 0
1753: 1 0 0
1754: 2 0 2
1755: 7 3 0
1756: 2 0 3
1757: 1 0 1
1758: 3 1 1
1759: 1 0 0
1760: 2 0 2
1761: 6 5 1
1762: 2 0 3
1763: 1 0 1
1764: 3 1 0
1765: 1 0 0
1766: 2 0 2
1767: 6 5 0
1768: 2 0 3
1769: 1 0 1
1770: 3 1 1
1771: 1 0 0
1772: 2 0 2
1773: 10 2 5
1774: 2 0 3
1775: 1 0 1
1776: 3 1 0
1777: 1 0 0
1778: 2 0 2
1779: 6 5 1
1780: 2 0 3
1781: 1 0 1
1782: 3 1 1
1783: 1 0 0
1784: 2 0 2
1785: 6 5 2
1786: 2 0 3
1787: 1 0 1
1788: 3 1 0
1789: 1 0 0
1790: 2 0 2
1791: 6 5 3
1792: 2 0 3
1793: 1 0 1
1794: 3 1 1
1795: 1 0 0
1796: 2 0 2
1797: 7 4 0
1798: 2 0 3
1799: 1 0 1
1800: 3 1 0
1801: 1 0 0
1802: 2 0 2
1803: 8 3 2
1804: 0 2 1
1805: 2 0 3
1806: 0 2 0
1807: 1 0 1
1808: 0 2 1
1809: 3 1 1
1810: 0 2 0
1811: 1 0 0
1812: 0 2 1
1813: 2 0 2
1814: 0 2 0
1815: 7 3 0
1816: 0 2 1
1817: 2 0 3
1818: 0 2 0
1819: 1 0 1
1820: 0 2 1
1821: 3 1 0
1822: 0 2 0
1823: 1 0 0
1824: 0 2 1
1825: 2 0 2
1826: 0 2 0
1827: 10 1 5
1828: 0 2 1
1829: 2 0 3
1830: 0 2 0
1831: 1 0 1
1832: 0 2 1
1833: 3 1 1
1834: 0 2 0
1835: 1 0 0
1836: 0 2 1
1837: 2 0 2
1838: 0 2 0
1839: 5 4 4
1840: 0 2 1
1841: 2 0 3
1842: 0 2 0
1843: 1 0 1
1844: 0 2 1
1845: 3 1 0
1846: 0 2 0
1847: 1 0 0
1848: 0 2 1
1849: 2 0 2
1850: 0 2 0
1851: 7 4 0
1852: 0 2 1
1853: 2 0 3
1854: 0 2 0
1855: 1 0 1
1856: 0 2 1
1857: 3 1 1
1858: 0 2 0
1859: 1 0 0
1860: 0 2 1
1861: 2 0 2
1862: 0 2 0
1863: 5 4 3
1864: 0 2 1
1865: 2 0 3
1866: 0 2 0
1867: 1 0 1
1868: 0 2 1
1869: 3 1 0
1870: 0 2 0
1871: 1 0 0
1872: 0 2 1
1873: 2 0 2
1874: 0 2 0
1875: 10 0 5
1876: 0 2 1
1877: 3 1 1
1878: 0 2 0
1879: 4 3 4
1880: 0 2 1
1881: 3 1 0
1882: 0 2 0
1883: 5 4 4
1884: 0 2 1
1885: 3 1 1
1886: 0 2 0
1887: 4 3 3
1888: 0 2 1
1889: 3 1 0
1890: 0 2 0
1891: 7 3 0
1892: 0 2 1
1893: 3 1 1
1894: 0 2 0
1895: 4 3 4
1896: 0 2 1
1897: 3 1 0
1898: 0 2 0
1899: 5 4 3
1900: 0 2 1
1901: 3 1 1
1902: 0 2 0
1903: 4 3 3
1904: 0 2 1
1905: 3 1 0
1906: 7 2 0
1907: 3 1 1
1908: 4 3 4
1909: 3 1 0
1910: 5 4 4
1911: 3 1 1
1912: 4 3 3
1913: 3 1 0
1914: 10 1 5
1915: 2 0 3
1916: 1 0 1
1917: 3 1 1
1918: 1 0 0
1919: 2 0 2
1920: 5 4 3
1921: 2 0 3
1922: 1 0 1
1923: 3 1 0
1924: 1 0 0
1925: 2 0 2
1926: 10 2 5
1927: 2 0 3
1928: 1 0 1
1929: 3 1 1
1930: 1 0 0
1931: 2 0 2
1932: 7 1 0
1933: 2 0 3
1934: 1 0 1
1935: 7 0 0
1936: 0 2 0
1937: 8 2 2
1938: 6 5 2
1939: 6 5 1
1940: 6 5 0
1941: 10 1 5
1942: 5 4 4
1943: 6 5 1
1944: 5 4 3
1945: 6 5 2
1946: 5 4 4
1947: 6 5 3
1948: 5 4 3
1949: 8 3 2
1950: 0 2 1
1951: 5 4 4
1952: 7 1 0
1953: 1 0 0
1954: 2 0 2
1955: 5 4 3
1956: 10 0 5
1957: 4 3 4
1958: 5 4 4
1959: 9 2 3
1960: 3 1 2
1961: 3 1 3
1962: 5 4 3
1963: 3 1 2
1964: 3 1 1
1965: 7 2 0
1966: 3 1 0
1967: 5 4 4
1968: 3 1 1
1969: 3 1 2
1970: 3 1 3
1971: 5 4 3
1972: 3 1 2
1973: 7 3 0
1974: 0 2 0
1975: 3 1 1
1976: 0 2 1
1977: 3 1 0
1978: 0 2 0
1979: 5 4 4
1980: 0 2 1
1981: 3 1 1
1982: 0 2 0
1983: 3 1 2
1984: 0 2 1
1985: 3 1 3
1986: 0 2 0
1987: 5 4 3
1988: 0 2 1
1989: 7 4 0
1990: 0 2 0
1991: 3 1 2
1992: 0 2 1
1993: 3 1 1
1994: 0 2 0
1995: 3 1 0
1996: 0 2 1
1997: 5 4 4
1998: 0 2 0
1999: 3 1 1
2000: 0 2 1
2001: 3 1 2
2002: 0 2 0
2003: 3 1 3
2004: 0 2 1
2005: 9 3 3
2006: 0 2 0
2007: 3 1 2
2008: 0 2 1
2009: 0 2 2
2010: 0 2 3
2011: 3 1 1
2012: 0 2 2
2013: 0 2 1
2014: 0 2 0
2015: 3 1 0
2016: 0 2 1
2017: 0 2 2
2018: 0 2 3
2019: 7 3 0
2020: 0 2 2
2021: 0 2 1
2022: 0 2 0
2023: 3 1 1
2024: 0 2 1
2025: 0 2 2
2026: 0 2 3
2027: 3 1 2
2028: 0 2 2
2029: 0 2 1
2030: 0 2 0
2031: 3 1 3
2032: 0 2 1
2033: 0 2 2
2034: 0 2 3
2035: 7 2 0
2036: 0 2 2
2037: 0 2 1
2038: 3 1 2
2039: 0 2 2
2040: 0 2 3
2041: 3 1 1
2042: 0 2 2
2043: 0 2 1
2044: 3 1 0
2045: 0 2 2
2046: 0 2 3
2047: 8 2 2
2048: 3 1 1
2049: 3 1 2
2050: 3 1 3
2051: 6 5 2
2052: 3 1 2
2053: 3 1 1
2054: 3 1 0
2055: 6 5 1
2056: 3 1 1
2057: 3 1 2
2058: 3 1 3
2059: 6 5 0
2060: 3 1 2
2061: 3 1 1
2062: 3 1 0
2063: 7 3 0
2064: 3 1 1
2065: 3 1 2
2066: 3 1 3
2067: 6 5 1
2068: 3 1 2
2069: 3 1 1
2070: 3 1 0
2071: 6 5 2
2072: 3 1 1
2073: 3 1 2
2074: 3 1 3
2075: 6 5 3
2076: 3 1 2
2077: 3 1 1
2078: 3 1 0
2079: 7 4 0
2080: 3 1 1
2081: 3 1 2
2082: 3 1 3
2083: 6 5 2
2084: 3 1 2
2085: 3 1 1
2086: 3 1 0
2087: 6 5 1
2088: 3 1 1
2089: 3 1 2
2090: 3 1 3
2091: 8 1 2
2092: 6 5 2
2093: 6 5 3
2094: 7 3 0
2095: 6 5 2
2096: 6 5 1
2097: 6 5 0
2098: 7 2 0
2099: 6 5 1
2100: 6 5 2
2101: 6 5 3
2102: 7 1 0
2103: 6 5 2
2104: 6 5 1
2105: 6 5 0
2106: 8 2 2
2107: 3 1 2
2108: 3 1 1
2109: 9 4 3
2110: 3 1 2
2111: 3 1 3
2112: 4 3 3
2113: 3 1 2
2114: 3 1 1
2115: 7 2 0
2116: 3 1 0
2117: 4 3 4
2118: 3 1 1
2119: 3 1 2
2120: 3 1 3
2121: 4 3 3
2122: 3 1 2
2123: 7 3 0
2124: 3 1 1
2125: 3 1 0
2126: 4 3 4
2127: 3 1 1
2128: 3 1 2
2129: 3 1 3
2130: 4 3 3
2131: 8 1 2
2132: 4 3 4
2133: 7 2 0
2134: 4 3 3
2135: 7 1 0
2136: 10 1 5
2137: 2 0 3
2138: 1 0 1
2139: 7 0 0
2140: 8 2 2
2141: 3 1 2
2142: 3 1 1
2143: 7 1 0
2144: 1 0 0
2145: 2 0 2
2146: 3 1 2
2147: 2 0 3
2148: 1 0 1
2149: 3 1 3
2150: 1 0 0
2151: 2 0 2
2152: 7 2 0
2153: 2 0 3
2154: 1 0 1
2155: 3 1 2
2156: 1 0 0
2157: 2 0 2
2158: 3 1 1
2159: 2 0 3
2160: 1 0 1
2161: 3 1 0
2162: 1 0 0
2163: 2 0 2
2164: 7 3 0
2165: 2 0 3
2166: 1 0 1
2167: 3 1 1
2168: 1 0 0
2169: 2 0 2
2170: 3 1 2
2171: 2 0 3
2172: 1 0 1
2173: 3 1 3
2174: 1 0 0
2175: 2 0 2
2176: 8 1 2
2177: 2 0 3
2178: 1 0 1
2179: 7 2 0
2180: 1 0 0
2181: 8 0 2
2182: 4 3 2
2183: 4 3 1
2184: 7 1 0
2185: 4 3 0
2186: 8 1 2
2187: 1 0 1
2188: 7 0 0
2189: 8 2 2
2190: 3 1 2
2191: 3 1 1
2192: 7 1 0
2193: 1 0 0
2194: 2 0 2
2195: 3 1 2
2196: 2 0 3
2197: 1 0 1
2198: 3 1 3
2199: 1 0 0
2200: 2 0 2
2201: 8 1 2
2202: 9 3 3
2203: 2 0 3
2204: 1 0 1
2205: 6 5 1
2206: 1 0 0
2207: 2 0 2
2208: 6 5 2
2209: 2 0 3
2210: 1 0 1
2211: 6 5 3
2212: 1 0 0
2213: 2 0 2
2214: 8 2 2
2215: 2 0 3
2216: 1 0 1
2217: 3 1 2
2218: 1 0 0
2219: 2 0 2
2220: 3 1 1
2221: 2 0 3
2222: 1 0 1
2223: 6 5 2
2224: 1 0 0
2225: 2 0 2
2226: 3 1 2
2227: 2 0 3
2228: 1 0 1
2229: 3 1 3
2230: 1 0 0
2231: 2 0 2
2232: 6 5 1
2233: 2 0 3
2234: 1 0 1
2235: 3 1 2
2236: 1 0 0
2237: 2 0 2
2238: 3 1 1
2239: 2 0 3
2240: 1 0 1
2241: 6 5 0
2242: 1 0 0
2243: 2 0 2
2244: 3 1 2
2245: 2 0 3
2246: 1 0 1
2247: 3 1 3
2248: 1 0 0
2249: 2 0 2
2250: 10 0 5
2251: 3 1 2
2252: 3 1 1
2253: 6 5 1
2254: 3 1 2
2255: 3 1 3
2256: 6 5 2
2257: 3 1 2
2258: 3 1 1
2259: 6 5 3
2260: 3 1 2
2261: 3 1 3
2262: 8 3 2
2263: 0 2 2
2264: 0 2 1
2265: 3 1 2
2266: 0 2 2
2267: 0 2 3
2268: 3 1 1
2269: 0 2 2
2270: 0 2 1
2271: 9 2 3
2272: 3 1 2
2273: 3 1 3
2274: 5 4 3
2275: 3 1 2
2276: 3 1 1
2277: 9 1 3
2278: 5 4 4
2279: 10 1 5
2280: 2 0 3
2281: 1 0 1
2282: 5 4 3
2283: 1 0 0
2284: 2 0 2
2285: 9 2 3
2286: 2 0 3
2287: 1 0 1
2288: 3 1 2
2289: 1 0 0
2290: 2 0 2
2291: 3 1 3
2292: 2 0 3
2293: 1 0 1
2294: 5 4 4
2295: 1 0 0
2296: 2 0 2
2297: 3 1 2
2298: 2 0 3
2299: 1 0 1
2300: 3 1 1
2301: 1 0 0
2302: 2 0 2
2303: 9 3 3
2304: 0 2 2
2305: 0 2 3
2306: 2 0 3
2307: 0 2 2
2308: 0 2 1
2309: 1 0 1
2310: 0 2 2
2311: 0 2 3
2312: 3 1 2
2313: 0 2 2
2314: 0 2 1
2315: 1 0 0
2316: 0 2 2
2317: 0 2 3
2318: 2 0 2
2319: 0 2 2
2320: 0 2 1
2321: 3 1 3
2322: 0 2 2
2323: 0 2 3
2324: 2 0 3
2325: 0 2 2
2326: 0 2 1
2327: 1 0 1
2328: 0 2 2
2329: 0 2 3
2330: 7 0 0
2331: 0 2 2
2332: 0 2 1
2333: 0 2 0
2334: 3 1 2
2335: 0 2 1
2336: 0 2 2
2337: 0 2 3
2338: 3 1 1
2339: 0 2 2
2340: 0 2 1
2341: 0 2 0
2342: 8 2 2
2343: 3 1 2
2344: 3 1 3
2345: 6 5 2
2346: 3 1 2
2347: 3 1 1
2348: 6 5 1
2349: 3 1 2
2350: 3 1 3
2351: 6 5 0
2352: 3 1 2
2353: 3 1 1
2354: 9 2 3
2355: 3 1 2
2356: 3 1 3
2357: 5 4 3
2358: 3 1 2
2359: 3 1 1
2360: 6 5 1
2361: 3 1 2
2362: 3 1 3
2363: 5 4 4
2364: 3 1 2
2365: 3 1 1
2366: 6 5 2
2367: 3 1 2
2368: 3 1 3
2369: 5 4 3
2370: 3 1 2
2371: 3 1 1
2372: 6 5 3
2373: 3 1 2
2374: 3 1 3
2375: 5 4 4
2376: 3 1 2
2377: 3 1 1
2378: 8 3 2
2379: 0 2 1
2380: 3 1 2
2381: 0 2 0
2382: 3 1 3
2383: 0 2 1
2384: 5 4 3
2385: 0 2 0
2386: 3 1 2
2387: 0 2 1
2388: 3 1 1
2389: 0 2 0
2390: 9 1 3
2391: 0 2 1
2392: 5 4 4
2393: 0 2 0
2394: 8 2 2
2395: 5 4 3
2396: 6 5 2
2397: 5 4 4
2398: 6 5 1
2399: 5 4 3
2400: 6 5 0
2401: 10 2 5
2402: 6 5 1
2403: 6 5 2
2404: 6 5 3
2405: 8 3 2
2406: 0 2 1
2407: 7 1 0
2408: 1 0 0
2409: 2 0 2
2410: 9 2 3
2411: 2 0 3
2412: 1 0 1
2413: 3 1 2
2414: 1 0 0
2415: 2 0 2
2416: 3 1 3
2417: 2 0 3
2418: 1 0 1
2419: 3 1 4
2420: 1 0 0
2421: 2 0 2
2422: 9 1 3
2423: 2 0 3
2424: 1 0 1
2425: 7 0 0
2426: 0 2 0
2427: 8 2 2
2428: 6 5 2
2429: 6 5 1
2430: 6 5 0
2431: 8 1 2
2432: 5 4 2
2433: 5 4 1
2434: 5 4 0
2435: 6 5 1
2436: 5 4 1
2437: 5 4 2
2438: 5 4 3
2439: 6 5 2
2440: 5 4 2
2441: 5 4 1
2442: 5 4 0
2443: 6 5 3
2444: 5 4 1
2445: 5 4 2
2446: 5 4 3
2447: 9 2 3
2448: 3 1 3
2449: 5 4 2
2450: 3 1 4
2451: 5 4 1
2452: 3 1 3
2453: 5 4 0
2454: 3 1 4
2455: 6 5 2
2456: 3 1 3
2457: 5 4 1
2458: 3 1 4
2459: 5 4 2
2460: 3 1 3
2461: 5 4 3
2462: 3 1 4
2463: 6 5 1
2464: 3 1 3
2465: 5 4 2
2466: 3 1 4
2467: 5 4 1
2468: 3 1 3
2469: 5 4 0
2470: 3 1 4
2471: 6 5 0
2472: 3 1 3
2473: 5 4 1
2474: 3 1 4
2475: 5 4 2
2476: 3 1 3
2477: 5 4 3
2478: 3 1 4
2479: 8 2 2
2480: 3 1 3
2481: 3 1 2
2482: 3 1 1
2483: 6 5 1
2484: 3 1 2
2485: 3 1 3
2486: 3 1 4
2487: 6 5 2
2488: 3 1 3
2489: 3 1 2
2490: 3 1 1
2491: 10 3 5
2492: 3 1 2
2493: 3 1 3
2494: 3 1 4
2495: 6 5 1
2496: 3 1 3
2497: 3 1 2
2498: 3 1 1
2499: 6 5 0
2500: 3 1 2
2501: 3 1 3
2502: 3 1 4
2503: 8 1 2
2504: 3 1 3
2505: 5 4 2
2506: 3 1 4
2507: 5 4 1
2508: 3 1 3
2509: 5 4 0
2510: 3 1 4
2511: 6 5 1
2512: 3 1 3
2513: 5 4 1
2514: 3 1 4
2515: 5 4 2
2516: 3 1 3
2517: 5 4 3
2518: 3 1 4
2519: 6 5 2
2520: 3 1 3
2521: 5 4 2
2522: 3 1 4
2523: 5 4 1
2524: 3 1 3
2525: 5 4 0
2526: 3 1 4
2527: 8 2 2
2528: 3 1 3
2529: 3 1 2
2530: 3 1 1
2531: 6 5 1
2532: 3 1 2
2533: 3 1 3
2534: 3 1 4
2535: 6 5 0
2536: 3 1 3
2537: 3 1 2
2538: 3 1 1
2539: 9 1 3
2540: 6 5 1
2541: 6 5 2
2542: 10 2 5
2543: 6 5 1
2544: 6 5 0
2545: 9 2 3
2546: 3 1 2
2547: 3 1 3
2548: 3 1 4
2549: 6 5 1
2550: 3 1 3
2551: 3 1 2
2552: 3 1 1
2553: 6 5 2
2554: 3 1 2
2555: 3 1 3
2556: 3 1 4
2557: 6 5 3
2558: 3 1 3
2559: 3 1 2
2560: 3 1 1
2561: 8 3 2
2562: 0 2 1
2563: 3 1 2
2564: 0 2 0
2565: 3 1 3
2566: 0 2 1
2567: 3 1 4
2568: 0 2 0
2569: 9 1 3
2570: 0 2 1
2571: 7 1 0
2572: 1 0 0
2573: 2 0 2
2574: 9 2 3
2575: 2 0 3
2576: 1 0 1
2577: 3 1 3
2578: 1 0 0
2579: 2 0 2
2580: 3 1 2
2581: 2 0 3
2582: 1 0 1
2583: 3 1 1
2584: 1 0 0
2585: 2 0 2
2586: 9 1 3
2587: 2 0 3
2588: 1 0 1
2589: 7 0 0
2590: 0 2 0
2591: 8 2 2
2592: 10 1 5
2593: 6 5 2
2594: 6 5 1
2595: 6 5 0
2596: 9 2 3
2597: 3 1 2
2598: 3 1 3
2599: 6 5 1
2600: 3 1 2
2601: 3 1 1
2602: 6 5 2
2603: 3 1 2
2604: 3 1 3
2605: 6 5 3
2606: 3 1 2
2607: 3 1 1
2608: 8 3 2
2609: 0 2 1
2610: 3 1 2
2611: 0 2 0
2612: 3 1 3
2613: 0 2 1
2614: 7 1 0
2615: 1 0 0
2616: 2 0 2
2617: 3 1 2
2618: 2 0 3
2619: 1 0 1
2620: 3 1 1
2621: 1 0 0
2622: 2 0 2
2623: 9 1 3
2624: 10 0 5
2625: 9 2 3
2626: 3 1 2
2627: 3 1 3
2628: 9 3 3
2629: 0 2 2
2630: 0 2 3
2631: 3 1 2
2632: 0 2 2
2633: 0 2 1
2634: 3 1 1
2635: 0 2 2
2636: 0 2 3
2637: 8 2 2
2638: 3 1 2
2639: 3 1 3
2640: 6 5 2
2641: 3 1 2
2642: 3 1 1
2643: 6 5 1
2644: 3 1 2
2645: 3 1 3
2646: 6 5 0
2647: 3 1 2
2648: 3 1 1
2649: 9 4 3
2650: 3 1 2
2651: 3 1 3
2652: 8 1 2
2653: 5 4 1
2654: 9 3 3
2655: 5 4 0
2656: 6 5 1
2657: 5 4 1
2658: 6 5 2
2659: 5 4 0
2660: 6 5 3
2661: 5 4 1
2662: 10 1 5
2663: 2 0 3
2664: 1 0 1
2665: 5 4 0
2666: 1 0 0
2667: 2 0 2
2668: 6 5 2
2669: 2 0 3
2670: 1 0 1
2671: 5 4 1
2672: 1 0 0
2673: 2 0 2
2674: 6 5 1
2675: 2 0 3
2676: 1 0 1
2677: 5 4 0
2678: 1 0 0
2679: 2 0 2
2680: 6 5 0
2681: 2 0 3
2682: 1 0 1
2683: 5 4 1
2684: 1 0 0
2685: 2 0 2
2686: 9 4 3
2687: 2 0 3
2688: 1 0 1
2689: 5 4 0
2690: 1 0 0
2691: 2 0 2
2692: 8 2 2
2693: 2 0 3
2694: 1 0 1
2695: 3 1 2
2696: 1 0 0
2697: 2 0 2
2698: 3 1 1
2699: 2 0 3
2700: 1 0 1
2701: 7 0 0
2702: 3 1 2
2703: 3 1 3
2704: 8 1 2
2705: 5 4 1
2706: 9 3 3
2707: 5 4 0
2708: 6 5 1
2709: 5 4 1
2710: 6 5 2
2711: 5 4 0
2712: 6 5 3
2713: 5 4 1
2714: 10 2 5
2715: 3 1 4
2716: 5 4 0
2717: 3 1 3
2718: 6 5 2
2719: 3 1 4
2720: 5 4 1
2721: 3 1 3
2722: 6 5 1
2723: 3 1 4
2724: 5 4 0
2725: 3 1 3
2726: 6 5 0
2727: 3 1 4
2728: 5 4 1
2729: 3 1 3
2730: 7 1 0
2731: 1 0 0
2732: 2 0 2
2733: 3 1 4
2734: 2 0 3
2735: 1 0 1
2736: 5 4 0
2737: 1 0 0
2738: 2 0 2
2739: 3 1 3
2740: 2 0 3
2741: 1 0 1
2742: 6 5 1
2743: 1 0 0
2744: 2 0 2
2745: 3 1 4
2746: 2 0 3
2747: 1 0 1
2748: 5 4 1
2749: 1 0 0
2750: 2 0 2
2751: 3 1 3
2752: 2 0 3
2753: 1 0 1
2754: 6 5 2
2755: 1 0 0
2756: 2 0 2
2757: 3 1 4
2758: 2 0 3
2759: 1 0 1
2760: 5 4 0
2761: 1 0 0
2762: 2 0 2
2763: 3 1 3
2764: 2 0 3
2765: 1 0 1
2766: 6 5 3
2767: 1 0 0
2768: 2 0 2
2769: 3 1 4
2770: 2 0 3
2771: 1 0 1
2772: 5 4 1
2773: 1 0 0
2774: 2 0 2
2775: 3 1 3
2776: 2 0 3
2777: 8 0 2
2778: 3 1 4
2779: 4 3 1
2780: 3 1 3
2781: 5 4 0
2782: 3 1 4
2783: 4 3 0
2784: 3 1 3
2785: 6 5 2
2786: 3 1 4
2787: 4 3 1
2788: 3 1 3
2789: 5 4 1
2790: 3 1 4
2791: 4 3 0
2792: 3 1 3
2793: 6 5 1
2794: 3 1 4
2795: 4 3 1
2796: 3 1 3
2797: 5 4 0
2798: 3 1 4
2799: 4 3 0
2800: 3 1 3
2801: 6 5 0
2802: 3 1 4
2803: 4 3 1
2804: 3 1 3
2805: 5 4 1
2806: 3 1 4
2807: 4 3 0
2808: 3 1 3
2809: 9 4 3
2810: 3 1 4
2811: 4 3 1
2812: 3 1 3
2813: 4 3 2
2814: 3 1 4
2815: 4 3 3
2816: 3 1 3
2817: 5 4 0
2818: 3 1 4
2819: 4 3 2
2820: 3 1 3
2821: 4 3 1
2822: 3 1 4
2823: 4 3 0
2824: 3 1 3
2825: 8 1 2
2826: 1 0 1
2827: 3 1 4
2828: 1 0 0
2829: 2 0 2
2830: 3 1 3
2831: 5 4 1
2832: 2 0 3
2833: 1 0 1
2834: 3 1 4
2835: 1 0 0
2836: 2 0 2
2837: 10 3 5
2838: 0 2 4