Algorithm Performed: DFS
Time Elapsed: 0.89 sec
Expanded Nodes: 2602
Memory Usage at peak: 2.8357 MB
Solution Steps: 2095 steps

0001: 1 0 2
0002: 5 5 4
0003: 1 0 1
0004: 10 4 3
0005: 1 0 2
0006: 2 3 1
0007: 1 0 1
0008: 2 3 2
0009: 1 0 2
0010: 6 1 0
0011: 1 0 1
0012: 1 0 0
0013: 2 3 1
0014: 1 0 1
0015: 1 0 2
0016: 6 2 0
0017: 1 0 1
0018: 1 0 0
0019: 2 3 2
0020: 1 0 1
0021: 1 0 2
0022: 7 0 1
0023: 2 3 1
0024: 6 1 0
0025: 2 3 2
0026: 6 0 0
0027: 2 3 1
0028: 2 3 0
0029: 10 3 3
0030: 5 5 3
0031: 12 0 5
0032: 5 5 4
0033: 7 1 1
0034: 1 0 1
0035: 10 4 3
0036: 1 0 2
0037: 2 3 1
0038: 1 0 1
0039: 2 3 2
0040: 1 0 2
0041: 2 3 3
0042: 1 0 1
0043: 6 1 0
0044: 1 0 0
0045: 2 3 2
0046: 1 0 1
0047: 1 0 2
0048: 2 3 1
0049: 1 0 1
0050: 1 0 0
0051: 6 2 0
0052: 1 0 1
0053: 1 0 2
0054: 2 3 2
0055: 1 0 1
0056: 1 0 0
0057: 2 3 3
0058: 1 0 1
0059: 1 0 2
0060: 6 1 0
0061: 7 0 1
0062: 2 3 2
0063: 2 3 1
0064: 6 0 0
0065: 2 3 2
0066: 2 3 3
0067: 8 2 2
0068: 6 1 0
0069: 6 2 0
0070: 7 1 1
0071: 1 0 1
0072: 1 0 0
0073: 6 1 0
0074: 1 0 1
0075: 1 0 2
0076: 6 0 0
0077: 1 0 1
0078: 7 2 1
0079: 1 0 2
0080: 6 1 0
0081: 1 0 1
0082: 1 0 0
0083: 6 2 0
0084: 1 0 1
0085: 1 0 2
0086: 7 3 1
0087: 1 0 1
0088: 1 0 0
0089: 6 1 0
0090: 1 0 1
0091: 1 0 2
0092: 6 0 0
0093: 1 0 1
0094: 8 1 2
0095: 1 0 2
0096: 2 3 2
0097: 1 0 1
0098: 6 1 0
0099: 1 0 0
0100: 2 3 3
0101: 1 0 1
0102: 1 0 2
0103: 2 3 2
0104: 6 2 0
0105: 1 0 1
0106: 1 0 0
0107: 2 3 3
0108: 1 0 1
0109: 1 0 2
0110: 7 2 1
0111: 1 0 1
0112: 1 0 0
0113: 2 3 2
0114: 1 0 1
0115: 1 0 2
0116: 6 1 0
0117: 1 0 1
0118: 1 0 0
0119: 2 3 3
0120: 1 0 1
0121: 1 0 2
0122: 6 0 0
0123: 1 0 1
0124: 2 3 2
0125: 1 0 2
0126: 12 1 5
0127: 1 0 1
0128: 6 1 0
0129: 1 0 0
0130: 6 2 0
0131: 1 0 1
0132: 1 0 2
0133: 6 1 0
0134: 7 3 1
0135: 1 0 1
0136: 1 0 0
0137: 6 2 0
0138: 8 0 2
0139: 0 2 2
0140: 0 2 1
0141: 6 1 0
0142: 0 2 2
0143: 0 2 3
0144: 7 2 1
0145: 0 2 2
0146: 6 2 0
0147: 0 2 3
0148: 7 1 1
0149: 0 2 2
0150: 2 3 1
0151: 0 2 3
0152: 6 1 0
0153: 0 2 2
0154: 2 3 2
0155: 0 2 3
0156: 12 0 5
0157: 0 2 2
0158: 2 3 1
0159: 0 2 3
0160: 6 2 0
0161: 0 2 2
0162: 2 3 2
0163: 0 2 3
0164: 2 3 3
0165: 0 2 2
0166: 6 1 0
0167: 0 2 3
0168: 7 2 1
0169: 0 2 2
0170: 2 3 2
0171: 0 2 3
0172: 6 2 0
0173: 0 2 2
0174: 2 3 3
0175: 0 2 3
0176: 7 3 1
0177: 0 2 2
0178: 0 2 1
0179: 2 3 2
0180: 0 2 2
0181: 0 2 3
0182: 6 1 0
0183: 0 2 2
0184: 0 2 1
0185: 2 3 3
0186: 0 2 2
0187: 0 2 3
0188: 9 3 2
0189: 0 2 2
0190: 0 2 1
0191: 4 5 1
0192: 0 2 2
0193: 0 2 3
0194: 6 2 0
0195: 0 2 2
0196: 0 2 1
0197: 4 5 0
0198: 0 2 2
0199: 0 2 3
0200: 7 2 1
0201: 0 2 2
0202: 4 5 1
0203: 0 2 3
0204: 6 1 0
0205: 0 2 2
0206: 4 5 0
0207: 0 2 3
0208: 7 1 1
0209: 0 2 2
0210: 4 5 1
0211: 0 2 3
0212: 6 2 0
0213: 0 2 2
0214: 4 5 0
0215: 0 2 3
0216: 8 1 2
0217: 1 0 1
0218: 1 0 2
0219: 4 5 1
0220: 1 0 1
0221: 1 0 0
0222: 6 1 0
0223: 1 0 1
0224: 1 0 2
0225: 4 5 0
0226: 1 0 1
0227: 1 0 0
0228: 7 2 1
0229: 1 0 1
0230: 1 0 2
0231: 4 5 1
0232: 1 0 1
0233: 1 0 0
0234: 6 2 0
0235: 1 0 1
0236: 1 0 2
0237: 4 5 0
0238: 1 0 1
0239: 1 0 0
0240: 7 3 1
0241: 1 0 1
0242: 1 0 2
0243: 4 5 1
0244: 1 0 1
0245: 1 0 0
0246: 6 1 0
0247: 1 0 1
0248: 1 0 2
0249: 4 5 0
0250: 1 0 1
0251: 6 0 0
0252: 1 0 2
0253: 4 5 1
0254: 1 0 1
0255: 7 2 1
0256: 1 0 2
0257: 4 5 0
0258: 1 0 1
0259: 7 1 1
0260: 1 0 2
0261: 4 5 1
0262: 7 0 1
0263: 4 5 0
0264: 6 1 0
0265: 4 5 1
0266: 6 2 0
0267: 6 3 0
0268: 7 1 1
0269: 1 0 1
0270: 1 0 0
0271: 7 2 1
0272: 1 0 1
0273: 1 0 2
0274: 7 3 1
0275: 1 0 1
0276: 1 0 0
0277: 8 0 2
0278: 0 2 2
0279: 0 2 1
0280: 0 2 0
0281: 8 1 2
0282: 1 0 1
0283: 1 0 2
0284: 11 1 4
0285: 1 0 3
0286: 8 0 2
0287: 0 2 1
0288: 0 2 2
0289: 6 2 0
0290: 0 2 1
0291: 4 5 0
0292: 0 2 2
0293: 6 1 0
0294: 0 2 1
0295: 4 5 1
0296: 0 2 2
0297: 6 0 0
0298: 0 2 1
0299: 4 5 0
0300: 0 2 2
0301: 7 2 1
0302: 4 5 1
0303: 6 1 0
0304: 4 5 0
0305: 6 2 0
0306: 4 5 1
0307: 6 3 0
0308: 7 1 1
0309: 6 2 0
0310: 4 5 0
0311: 6 1 0
0312: 4 5 1
0313: 6 0 0
0314: 4 5 0
0315: 7 0 1
0316: 0 2 1
0317: 4 5 1
0318: 0 2 2
0319: 6 1 0
0320: 0 2 1
0321: 4 5 0
0322: 0 2 2
0323: 6 2 0
0324: 0 2 1
0325: 9 4 2
0326: 0 2 2
0327: 2 3 2
0328: 0 2 1
0329: 2 3 1
0330: 0 2 2
0331: 6 1 0
0332: 0 2 1
0333: 2 3 2
0334: 0 2 2
0335: 2 3 3
0336: 0 2 1
0337: 6 0 0
0338: 0 2 2
0339: 2 3 2
0340: 0 2 1
0341: 2 3 1
0342: 0 2 2
0343: 2 3 0
0344: 0 2 1
0345: 10 3 3
0346: 0 2 2
0347: 5 5 3
0348: 0 2 1
0349: 10 2 3
0350: 3 4 3
0351: 5 5 4
0352: 3 4 4
0353: 10 1 3
0354: 2 3 1
0355: 2 3 2
0356: 2 3 3
0357: 3 4 3
0358: 2 3 2
0359: 2 3 1
0360: 2 3 0
0361: 5 5 3
0362: 2 3 1
0363: 2 3 2
0364: 2 3 3
0365: 3 4 4
0366: 2 3 2
0367: 2 3 1
0368: 2 3 0
0369: 11 2 4
0370: 2 3 1
0371: 3 4 3
0372: 2 3 0
0373: 5 5 4
0374: 2 3 1
0375: 3 4 4
0376: 2 3 0
0377: 10 2 3
0378: 3 4 3
0379: 5 5 3
0380: 3 4 4
0381: 10 3 3
0382: 0 2 2
0383: 5 5 4
0384: 0 2 1
0385: 10 4 3
0386: 0 2 2
0387: 2 3 1
0388: 0 2 1
0389: 6 1 0
0390: 0 2 2
0391: 6 2 0
0392: 0 2 1
0393: 12 1 5
0394: 0 2 2
0395: 1 0 4
0396: 0 2 1
0397: 6 1 0
0398: 0 2 2
0399: 1 0 3
0400: 0 2 1
0401: 6 0 0
0402: 0 2 2
0403: 1 0 4
0404: 0 2 1
0405: 2 3 0
0406: 0 2 2
0407: 1 0 3
0408: 0 2 1
0409: 10 3 3
0410: 0 2 2
0411: 1 0 4
0412: 0 2 1
0413: 5 5 3
0414: 0 2 2
0415: 1 0 3
0416: 0 2 1
0417: 10 2 3
0418: 1 0 4
0419: 3 4 3
0420: 1 0 3
0421: 5 5 4
0422: 1 0 4
0423: 3 4 4
0424: 1 0 3
0425: 10 1 3
0426: 1 0 4
0427: 2 3 1
0428: 1 0 3
0429: 3 4 3
0430: 1 0 4
0431: 2 3 0
0432: 1 0 3
0433: 5 5 3
0434: 1 0 4
0435: 2 3 1
0436: 1 0 3
0437: 3 4 4
0438: 1 0 4
0439: 2 3 0
0440: 1 0 3
0441: 11 1 4
0442: 1 0 4
0443: 2 3 1
0444: 1 0 3
0445: 2 3 2
0446: 1 0 4
0447: 3 4 3
0448: 1 0 3
0449: 2 3 1
0450: 1 0 4
0451: 2 3 0
0452: 1 0 3
0453: 5 5 4
0454: 1 0 4
0455: 2 3 1
0456: 1 0 3
0457: 2 3 2
0458: 1 0 4
0459: 3 4 4
0460: 1 0 3
0461: 2 3 1
0462: 1 0 4
0463: 2 3 0
0464: 1 0 3
0465: 10 2 3
0466: 1 0 4
0467: 3 4 3
0468: 1 0 3
0469: 5 5 3
0470: 1 0 4
0471: 12 2 5
0472: 1 0 3
0473: 5 5 4
0474: 1 0 4
0475: 10 1 3
0476: 1 0 3
0477: 2 3 1
0478: 1 0 4
0479: 2 3 2
0480: 1 0 3
0481: 5 5 3
0482: 1 0 4
0483: 2 3 1
0484: 1 0 3
0485: 2 3 0
0486: 1 0 4
0487: 10 0 3
0488: 0 2 2
0489: 2 3 1
0490: 0 2 1
0491: 2 3 2
0492: 0 2 2
0493: 5 5 4
0494: 0 2 1
0495: 2 3 1
0496: 0 2 2
0497: 2 3 0
0498: 0 2 1
0499: 11 2 4
0500: 0 2 2
0501: 2 3 1
0502: 0 2 1
0503: 5 5 3
0504: 0 2 2
0505: 2 3 0
0506: 0 2 1
0507: 10 1 3
0508: 1 0 3
0509: 2 3 1
0510: 1 0 4
0511: 5 5 4
0512: 1 0 3
0513: 2 3 0
0514: 1 0 4
0515: 10 2 3
0516: 1 0 3
0517: 5 5 3
0518: 1 0 4
0519: 12 3 5
0520: 1 0 3
0521: 10 1 3
0522: 1 0 4
0523: 2 3 1
0524: 1 0 3
0525: 6 1 0
0526: 1 0 4
0527: 6 2 0
0528: 1 0 3
0529: 11 1 4
0530: 1 0 4
0531: 2 3 2
0532: 1 0 3
0533: 6 1 0
0534: 1 0 4
0535: 2 3 1
0536: 1 0 3
0537: 6 0 0
0538: 1 0 4
0539: 2 3 0
0540: 10 0 3
0541: 0 2 2
0542: 2 3 1
0543: 0 2 1
0544: 2 3 2
0545: 0 2 2
0546: 6 1 0
0547: 0 2 1
0548: 2 3 1
0549: 0 2 2
0550: 6 2 0
0551: 0 2 1
0552: 2 3 2
0553: 0 2 2
0554: 7 1 1
0555: 2 3 1
0556: 6 1 0
0557: 2 3 2
0558: 6 0 0
0559: 2 3 1
0560: 2 3 0
0561: 11 2 4
0562: 2 3 1
0563: 6 1 0
0564: 6 2 0
0565: 7 0 1
0566: 0 2 1
0567: 6 1 0
0568: 0 2 2
0569: 12 2 5
0570: 0 2 1
0571: 5 5 4
0572: 0 2 2
0573: 6 2 0
0574: 0 2 1
0575: 5 5 3
0576: 0 2 2
0577: 7 1 1
0578: 5 5 4
0579: 6 1 0
0580: 5 5 3
0581: 6 0 0
0582: 2 3 0
0583: 5 5 4
0584: 2 3 1
0585: 11 1 4
0586: 2 3 0
0587: 5 5 3
0588: 2 3 1
0589: 2 3 2
0590: 5 5 4
0591: 6 1 0
0592: 2 3 1
0593: 5 5 3
0594: 2 3 2
0595: 6 2 0
0596: 2 3 1
0597: 5 5 4
0598: 2 3 2
0599: 7 0 1
0600: 0 2 1
0601: 2 3 1
0602: 0 2 2
0603: 5 5 3
0604: 0 2 1
0605: 2 3 2
0606: 0 2 2
0607: 6 1 0
0608: 0 2 1
0609: 2 3 1
0610: 0 2 2
0611: 5 5 4
0612: 0 2 1
0613: 2 3 2
0614: 0 2 2
0615: 12 1 5
0616: 0 2 1
0617: 2 3 1
0618: 0 2 2
0619: 3 4 4
0620: 0 2 1
0621: 2 3 2
0622: 0 2 2
0623: 5 5 3
0624: 0 2 1
0625: 2 3 1
0626: 0 2 2
0627: 3 4 3
0628: 0 2 1
0629: 2 3 2
0630: 0 2 2
0631: 6 0 0
0632: 0 2 1
0633: 2 3 1
0634: 0 2 2
0635: 2 3 0
0636: 0 2 1
0637: 3 4 4
0638: 0 2 2
0639: 2 3 1
0640: 0 2 1
0641: 2 3 2
0642: 0 2 2
0643: 5 5 4
0644: 0 2 1
0645: 2 3 1
0646: 0 2 2
0647: 2 3 0
0648: 0 2 1
0649: 3 4 3
0650: 0 2 2
0651: 2 3 1
0652: 0 2 1
0653: 2 3 2
0654: 0 2 2
0655: 7 1 1
0656: 2 3 1
0657: 2 3 0
0658: 3 4 4
0659: 2 3 1
0660: 2 3 2
0661: 5 5 3
0662: 2 3 1
0663: 2 3 0
0664: 3 4 3
0665: 2 3 1
0666: 2 3 2
0667: 6 1 0
0668: 2 3 1
0669: 3 4 4
0670: 2 3 2
0671: 5 5 4
0672: 2 3 1
0673: 3 4 3
0674: 2 3 2
0675: 6 2 0
0676: 2 3 1
0677: 3 4 4
0678: 2 3 2
0679: 5 5 3
0680: 2 3 1
0681: 3 4 3
0682: 2 3 2
0683: 7 2 1
0684: 3 4 4
0685: 5 5 4
0686: 3 4 3
0687: 6 1 0
0688: 3 4 4
0689: 5 5 3
0690: 3 4 3
0691: 6 0 0
0692: 3 4 4
0693: 5 5 4
0694: 3 4 3
0695: 7 3 1
0696: 0 2 1
0697: 3 4 4
0698: 0 2 2
0699: 5 5 3
0700: 0 2 1
0701: 3 4 3
0702: 0 2 2
0703: 6 1 0
0704: 0 2 1
0705: 3 4 4
0706: 0 2 2
0707: 5 5 4
0708: 0 2 1
0709: 3 4 3
0710: 0 2 2
0711: 6 2 0
0712: 0 2 1
0713: 3 4 4
0714: 0 2 2
0715: 5 5 3
0716: 0 2 1
0717: 3 4 3
0718: 0 2 2
0719: 12 2 5
0720: 0 2 1
0721: 5 5 4
0722: 0 2 2
0723: 6 1 0
0724: 0 2 1
0725: 5 5 3
0726: 0 2 2
0727: 6 0 0
0728: 0 2 1
0729: 5 5 4
0730: 0 2 2
0731: 7 2 1
0732: 5 5 3
0733: 6 1 0
0734: 5 5 4
0735: 6 2 0
0736: 5 5 3
0737: 12 3 5
0738: 6 1 0
0739: 6 0 0
0740: 7 3 1
0741: 0 2 1
0742: 6 1 0
0743: 0 2 2
0744: 6 2 0
0745: 0 2 1
0746: 10 1 3
0747: 1 0 3
0748: 6 1 0
0749: 1 0 4
0750: 6 0 0
0751: 1 0 3
0752: 12 2 5
0753: 1 0 4
0754: 5 5 4
0755: 1 0 3
0756: 6 1 0
0757: 1 0 4
0758: 5 5 3
0759: 1 0 3
0760: 6 2 0
0761: 1 0 4
0762: 5 5 4
0763: 1 0 3
0764: 12 1 5
0765: 1 0 4
0766: 3 4 4
0767: 1 0 3
0768: 5 5 3
0769: 1 0 4
0770: 3 4 3
0771: 1 0 3
0772: 6 1 0
0773: 1 0 4
0774: 3 4 4
0775: 1 0 3
0776: 5 5 4
0777: 1 0 4
0778: 3 4 3
0779: 1 0 3
0780: 6 0 0
0781: 1 0 4
0782: 3 4 4
0783: 1 0 3
0784: 5 5 3
0785: 1 0 4
0786: 3 4 3
0787: 1 0 3
0788: 12 0 5
0789: 2 3 3
0790: 3 4 4
0791: 2 3 2
0792: 5 5 4
0793: 2 3 3
0794: 3 4 3
0795: 2 3 2
0796: 6 1 0
0797: 2 3 3
0798: 3 4 4
0799: 2 3 2
0800: 5 5 3
0801: 2 3 3
0802: 3 4 3
0803: 2 3 2
0804: 6 2 0
0805: 2 3 3
0806: 3 4 4
0807: 2 3 2
0808: 5 5 4
0809: 2 3 3
0810: 3 4 3
0811: 9 3 2
0812: 3 4 4
0813: 4 5 1
0814: 3 4 3
0815: 4 5 2
0816: 3 4 4
0817: 6 1 0
0818: 3 4 3
0819: 4 5 1
0820: 3 4 4
0821: 4 5 0
0822: 3 4 3
0823: 5 5 3
0824: 3 4 4
0825: 4 5 1
0826: 3 4 3
0827: 6 0 0
0828: 3 4 4
0829: 4 5 0
0830: 3 4 3
0831: 5 5 2
0832: 3 4 4
0833: 6 1 0
0834: 3 4 3
0835: 6 2 0
0836: 3 4 4
0837: 5 5 3
0838: 3 4 3
0839: 4 5 1
0840: 3 4 4
0841: 6 3 0
0842: 0 2 0
0843: 3 4 3
0844: 0 2 1
0845: 5 5 4
0846: 0 2 0
0847: 3 4 4
0848: 0 2 1
0849: 4 5 2
0850: 0 2 0
0851: 3 4 3
0852: 0 2 1
0853: 7 4 1
0854: 0 2 0
0855: 3 4 4
0856: 8 1 2
0857: 1 0 2
0858: 1 0 1
0859: 1 0 0
0860: 3 4 3
0861: 1 0 1
0862: 1 0 2
0863: 1 0 3
0864: 7 3 1
0865: 1 0 2
0866: 1 0 1
0867: 1 0 0
0868: 3 4 4
0869: 1 0 1
0870: 1 0 2
0871: 1 0 3
0872: 4 5 1
0873: 1 0 2
0874: 1 0 1
0875: 1 0 0
0876: 3 4 3
0877: 1 0 1
0878: 1 0 2
0879: 1 0 3
0880: 5 5 3
0881: 1 0 2
0882: 1 0 1
0883: 1 0 0
0884: 3 4 4
0885: 1 0 1
0886: 1 0 2
0887: 11 0 4
0888: 1 0 1
0889: 1 0 0
0890: 3 4 3
0891: 1 0 1
0892: 1 0 2
0893: 5 5 4
0894: 1 0 1
0895: 1 0 0
0896: 3 4 4
0897: 1 0 1
0898: 1 0 2
0899: 4 5 2
0900: 1 0 1
0901: 1 0 0
0902: 3 4 3
0903: 1 0 1
0904: 1 0 2
0905: 7 4 1
0906: 1 0 1
0907: 1 0 0
0908: 3 4 4
0909: 1 0 1
0910: 10 0 3
0911: 1 0 0
0912: 3 4 3
0913: 1 0 1
0914: 7 3 1
0915: 1 0 0
0916: 3 4 4
0917: 1 0 1
0918: 4 5 1
0919: 1 0 0
0920: 3 4 3
0921: 1 0 1
0922: 5 5 3
0923: 1 0 0
0924: 3 4 4
0925: 1 0 1
0926: 11 1 4
0927: 1 0 0
0928: 3 4 3
0929: 1 0 1
0930: 5 5 4
0931: 1 0 0
0932: 3 4 4
0933: 1 0 1
0934: 4 5 2
0935: 1 0 0
0936: 3 4 3
0937: 1 0 1
0938: 7 4 1
0939: 1 0 0
0940: 3 4 4
0941: 8 0 2
0942: 0 2 1
0943: 0 2 2
0944: 3 4 3
0945: 0 2 1
0946: 0 2 0
0947: 7 3 1
0948: 0 2 1
0949: 0 2 2
0950: 3 4 4
0951: 0 2 1
0952: 0 2 0
0953: 4 5 1
0954: 0 2 1
0955: 0 2 2
0956: 3 4 3
0957: 0 2 1
0958: 0 2 0
0959: 5 5 3
0960: 0 2 1
0961: 0 2 2
0962: 3 4 4
0963: 0 2 1
0964: 0 2 0
0965: 9 2 2
0966: 3 4 3
0967: 3 4 2
0968: 5 5 4
0969: 3 4 3
0970: 3 4 4
0971: 4 5 2
0972: 3 4 3
0973: 3 4 2
0974: 7 4 1
0975: 3 4 3
0976: 3 4 4
0977: 10 1 3
0978: 3 4 3
0979: 3 4 2
0980: 7 3 1
0981: 3 4 3
0982: 3 4 4
0983: 4 5 1
0984: 3 4 3
0985: 3 4 2
0986: 5 5 3
0987: 3 4 3
0988: 3 4 4
0989: 9 3 2
0990: 0 2 1
0991: 3 4 3
0992: 0 2 0
0993: 5 5 4
0994: 0 2 1
0995: 3 4 4
0996: 0 2 0
0997: 4 5 2
0998: 0 2 1
0999: 3 4 3
1000: 0 2 0
1001: 7 4 1
1002: 0 2 1
1003: 3 4 4
1004: 0 2 0
1005: 11 0 4
1006: 0 2 1
1007: 3 4 3
1008: 0 2 0
1009: 7 3 1
1010: 0 2 1
1011: 3 4 4
1012: 0 2 0
1013: 4 5 1
1014: 0 2 1
1015: 3 4 3
1016: 0 2 0
1017: 5 5 3
1018: 0 2 1
1019: 3 4 4
1020: 0 2 0
1021: 9 2 2
1022: 3 4 3
1023: 3 4 2
1024: 5 5 4
1025: 3 4 3
1026: 3 4 4
1027: 4 5 2
1028: 3 4 3
1029: 3 4 2
1030: 7 4 1
1031: 3 4 3
1032: 3 4 4
1033: 10 0 3
1034: 3 4 3
1035: 3 4 2
1036: 7 3 1
1037: 3 4 3
1038: 3 4 4
1039: 4 5 1
1040: 3 4 3
1041: 3 4 2
1042: 5 5 3
1043: 3 4 3
1044: 3 4 4
1045: 9 3 2
1046: 0 2 1
1047: 0 2 2
1048: 0 2 3
1049: 3 4 3
1050: 0 2 2
1051: 0 2 1
1052: 0 2 0
1053: 5 5 4
1054: 0 2 1
1055: 0 2 2
1056: 0 2 3
1057: 3 4 4
1058: 0 2 2
1059: 0 2 1
1060: 0 2 0
1061: 4 5 2
1062: 0 2 1
1063: 0 2 2
1064: 0 2 3
1065: 3 4 3
1066: 0 2 2
1067: 0 2 1
1068: 0 2 0
1069: 7 4 1
1070: 0 2 1
1071: 0 2 2
1072: 0 2 3
1073: 3 4 4
1074: 0 2 2
1075: 0 2 1
1076: 6 2 0
1077: 0 2 2
1078: 0 2 3
1079: 3 4 3
1080: 0 2 2
1081: 0 2 1
1082: 6 1 0
1083: 0 2 2
1084: 0 2 3
1085: 3 4 4
1086: 0 2 2
1087: 0 2 1
1088: 7 3 1
1089: 0 2 2
1090: 0 2 3
1091: 3 4 3
1092: 0 2 2
1093: 0 2 1
1094: 4 5 1
1095: 0 2 2
1096: 0 2 3
1097: 3 4 4
1098: 0 2 2
1099: 0 2 1
1100: 4 5 0
1101: 0 2 2
1102: 0 2 3
1103: 3 4 3
1104: 0 2 2
1105: 0 2 1
1106: 5 5 3
1107: 0 2 2
1108: 0 2 3
1109: 3 4 4
1110: 0 2 2
1111: 0 2 1
1112: 4 5 1
1113: 0 2 2
1114: 0 2 3
1115: 3 4 3
1116: 0 2 2
1117: 0 2 1
1118: 6 2 0
1119: 0 2 2
1120: 0 2 3
1121: 3 4 4
1122: 0 2 2
1123: 0 2 1
1124: 4 5 0
1125: 0 2 2
1126: 0 2 3
1127: 3 4 3
1128: 0 2 2
1129: 0 2 1
1130: 5 5 2
1131: 0 2 2
1132: 0 2 3
1133: 3 4 4
1134: 0 2 2
1135: 0 2 1
1136: 6 1 0
1137: 0 2 2
1138: 0 2 3
1139: 3 4 3
1140: 0 2 2
1141: 0 2 1
1142: 10 1 3
1143: 3 4 4
1144: 5 5 3
1145: 3 4 3
1146: 4 5 1
1147: 3 4 4
1148: 5 5 4
1149: 3 4 3
1150: 4 5 0
1151: 3 4 4
1152: 6 2 0
1153: 3 4 3
1154: 4 5 1
1155: 3 4 4
1156: 4 5 2
1157: 3 4 3
1158: 6 1 0
1159: 3 4 4
1160: 7 4 1
1161: 3 4 3
1162: 6 2 0
1163: 3 4 4
1164: 11 1 4
1165: 3 4 3
1166: 6 1 0
1167: 3 4 4
1168: 7 3 1
1169: 3 4 3
1170: 4 5 1
1171: 3 4 4
1172: 4 5 0
1173: 3 4 3
1174: 5 5 3
1175: 3 4 4
1176: 4 5 1
1177: 3 4 3
1178: 6 2 0
1179: 3 4 4
1180: 4 5 0
1181: 3 4 3
1182: 5 5 2
1183: 3 4 4
1184: 6 1 0
1185: 3 4 3
1186: 10 0 3
1187: 0 2 2
1188: 3 4 4
1189: 0 2 1
1190: 5 5 3
1191: 0 2 2
1192: 3 4 3
1193: 0 2 1
1194: 4 5 1
1195: 0 2 2
1196: 3 4 4
1197: 0 2 1
1198: 5 5 4
1199: 0 2 2
1200: 3 4 3
1201: 0 2 1
1202: 4 5 0
1203: 0 2 2
1204: 3 4 4
1205: 0 2 1
1206: 6 2 0
1207: 0 2 2
1208: 3 4 3
1209: 0 2 1
1210: 4 5 1
1211: 0 2 2
1212: 3 4 4
1213: 0 2 1
1214: 4 5 2
1215: 0 2 2
1216: 3 4 3
1217: 0 2 1
1218: 6 1 0
1219: 0 2 2
1220: 3 4 4
1221: 7 2 1
1222: 3 4 3
1223: 4 5 1
1224: 3 4 4
1225: 4 5 0
1226: 3 4 3
1227: 5 5 3
1228: 3 4 4
1229: 4 5 1
1230: 3 4 3
1231: 6 2 0
1232: 3 4 4
1233: 4 5 0
1234: 3 4 3
1235: 5 5 2
1236: 3 4 4
1237: 6 1 0
1238: 3 4 3
1239: 7 1 1
1240: 3 4 4
1241: 5 5 3
1242: 3 4 3
1243: 4 5 1
1244: 3 4 4
1245: 5 5 4
1246: 3 4 3
1247: 4 5 0
1248: 3 4 4
1249: 6 2 0
1250: 3 4 3
1251: 4 5 1
1252: 3 4 4
1253: 4 5 2
1254: 3 4 3
1255: 6 1 0
1256: 3 4 4
1257: 11 0 4
1258: 0 2 3
1259: 3 4 3
1260: 0 2 2
1261: 4 5 1
1262: 0 2 3
1263: 3 4 4
1264: 0 2 2
1265: 4 5 0
1266: 0 2 3
1267: 3 4 3
1268: 0 2 2
1269: 5 5 3
1270: 0 2 3
1271: 3 4 4
1272: 0 2 2
1273: 4 5 1
1274: 0 2 3
1275: 3 4 3
1276: 0 2 2
1277: 6 2 0
1278: 0 2 3
1279: 3 4 4
1280: 0 2 2
1281: 4 5 0
1282: 0 2 3
1283: 3 4 3
1284: 0 2 2
1285: 5 5 2
1286: 0 2 3
1287: 3 4 4
1288: 0 2 2
1289: 6 1 0
1290: 0 2 3
1291: 3 4 3
1292: 0 2 2
1293: 7 2 1
1294: 0 2 3
1295: 3 4 4
1296: 0 2 2
1297: 5 5 3
1298: 0 2 3
1299: 3 4 3
1300: 0 2 2
1301: 4 5 1
1302: 0 2 3
1303: 3 4 4
1304: 0 2 2
1305: 5 5 4
1306: 0 2 3
1307: 3 4 3
1308: 0 2 2
1309: 4 5 0
1310: 0 2 3
1311: 3 4 4
1312: 0 2 2
1313: 6 2 0
1314: 0 2 3
1315: 3 4 3
1316: 0 2 2
1317: 4 5 1
1318: 0 2 3
1319: 3 4 4
1320: 0 2 2
1321: 4 5 2
1322: 0 2 3
1323: 3 4 3
1324: 0 2 2
1325: 6 1 0
1326: 0 2 3
1327: 3 4 4
1328: 8 1 2
1329: 1 0 1
1330: 3 4 3
1331: 1 0 0
1332: 4 5 1
1333: 1 0 1
1334: 3 4 4
1335: 1 0 0
1336: 4 5 0
1337: 1 0 1
1338: 3 4 3
1339: 1 0 0
1340: 5 5 3
1341: 1 0 1
1342: 3 4 4
1343: 1 0 0
1344: 4 5 1
1345: 1 0 1
1346: 3 4 3
1347: 1 0 0
1348: 6 2 0
1349: 1 0 1
1350: 3 4 4
1351: 1 0 0
1352: 4 5 0
1353: 1 0 1
1354: 3 4 3
1355: 1 0 0
1356: 5 5 2
1357: 1 0 1
1358: 3 4 4
1359: 1 0 0
1360: 6 1 0
1361: 1 0 1
1362: 3 4 3
1363: 1 0 0
1364: 7 1 1
1365: 1 0 1
1366: 3 4 4
1367: 1 0 0
1368: 5 5 3
1369: 1 0 1
1370: 3 4 3
1371: 1 0 0
1372: 4 5 1
1373: 1 0 1
1374: 3 4 4
1375: 1 0 0
1376: 5 5 4
1377: 1 0 1
1378: 3 4 3
1379: 1 0 0
1380: 4 5 0
1381: 1 0 1
1382: 3 4 4
1383: 1 0 0
1384: 6 2 0
1385: 1 0 1
1386: 3 4 3
1387: 1 0 0
1388: 4 5 1
1389: 1 0 1
1390: 3 4 4
1391: 1 0 0
1392: 4 5 2
1393: 1 0 1
1394: 3 4 3
1395: 1 0 0
1396: 6 1 0
1397: 1 0 1
1398: 3 4 4
1399: 6 0 0
1400: 3 4 3
1401: 4 5 1
1402: 3 4 4
1403: 4 5 0
1404: 3 4 3
1405: 5 5 3
1406: 3 4 4
1407: 4 5 1
1408: 3 4 3
1409: 7 2 1
1410: 3 4 4
1411: 4 5 0
1412: 3 4 3
1413: 5 5 2
1414: 3 4 4
1415: 7 3 1
1416: 3 4 3
1417: 5 5 3
1418: 3 4 4
1419: 4 5 1
1420: 3 4 3
1421: 5 5 4
1422: 3 4 4
1423: 4 5 0
1424: 3 4 3
1425: 6 1 0
1426: 1 0 0
1427: 3 4 4
1428: 1 0 1
1429: 4 5 1
1430: 1 0 0
1431: 3 4 3
1432: 1 0 1
1433: 4 5 2
1434: 1 0 0
1435: 3 4 4
1436: 1 0 1
1437: 6 0 0
1438: 3 4 3
1439: 7 2 1
1440: 3 4 4
1441: 4 5 1
1442: 3 4 3
1443: 4 5 0
1444: 3 4 4
1445: 9 4 2
1446: 2 3 2
1447: 3 4 3
1448: 2 3 3
1449: 5 5 3
1450: 2 3 2
1451: 3 4 4
1452: 2 3 3
1453: 6 1 0
1454: 1 0 0
1455: 2 3 2
1456: 1 0 1
1457: 3 4 3
1458: 1 0 0
1459: 2 3 3
1460: 1 0 1
1461: 5 5 4
1462: 1 0 0
1463: 2 3 2
1464: 1 0 1
1465: 3 4 4
1466: 1 0 0
1467: 2 3 3
1468: 1 0 1
1469: 6 2 0
1470: 1 0 0
1471: 2 3 2
1472: 1 0 1
1473: 3 4 3
1474: 1 0 0
1475: 2 3 3
1476: 1 0 1
1477: 5 5 3
1478: 1 0 0
1479: 2 3 2
1480: 1 0 1
1481: 3 4 4
1482: 1 0 0
1483: 2 3 3
1484: 1 0 1
1485: 7 1 1
1486: 1 0 0
1487: 2 3 2
1488: 1 0 1
1489: 2 3 1
1490: 1 0 0
1491: 3 4 3
1492: 1 0 1
1493: 2 3 2
1494: 1 0 0
1495: 2 3 3
1496: 1 0 1
1497: 5 5 4
1498: 1 0 0
1499: 2 3 2
1500: 1 0 1
1501: 2 3 1
1502: 1 0 0
1503: 3 4 4
1504: 1 0 1
1505: 2 3 2
1506: 1 0 0
1507: 2 3 3
1508: 1 0 1
1509: 6 1 0
1510: 1 0 0
1511: 2 3 2
1512: 1 0 1
1513: 2 3 1
1514: 1 0 0
1515: 3 4 3
1516: 1 0 1
1517: 2 3 2
1518: 1 0 0
1519: 2 3 3
1520: 1 0 1
1521: 5 5 3
1522: 1 0 0
1523: 2 3 2
1524: 1 0 1
1525: 2 3 1
1526: 1 0 0
1527: 3 4 4
1528: 1 0 1
1529: 2 3 2
1530: 1 0 0
1531: 2 3 3
1532: 1 0 1
1533: 6 0 0
1534: 2 3 2
1535: 2 3 1
1536: 2 3 0
1537: 3 4 3
1538: 2 3 1
1539: 2 3 2
1540: 2 3 3
1541: 5 5 4
1542: 2 3 2
1543: 2 3 1
1544: 2 3 0
1545: 3 4 4
1546: 2 3 1
1547: 2 3 2
1548: 2 3 3
1549: 8 2 2
1550: 3 4 3
1551: 5 5 3
1552: 3 4 4
1553: 6 1 0
1554: 1 0 0
1555: 3 4 3
1556: 1 0 1
1557: 5 5 4
1558: 1 0 0
1559: 3 4 4
1560: 1 0 1
1561: 6 2 0
1562: 1 0 0
1563: 3 4 3
1564: 1 0 1
1565: 5 5 3
1566: 1 0 0
1567: 3 4 4
1568: 1 0 1
1569: 7 2 1
1570: 1 0 0
1571: 3 4 3
1572: 1 0 1
1573: 5 5 4
1574: 1 0 0
1575: 3 4 4
1576: 1 0 1
1577: 6 1 0
1578: 1 0 0
1579: 3 4 3
1580: 1 0 1
1581: 5 5 3
1582: 1 0 0
1583: 3 4 4
1584: 1 0 1
1585: 6 0 0
1586: 3 4 3
1587: 5 5 4
1588: 3 4 4
1589: 7 3 1
1590: 3 4 3
1591: 5 5 3
1592: 3 4 4
1593: 6 1 0
1594: 1 0 0
1595: 3 4 3
1596: 1 0 1
1597: 5 5 4
1598: 1 0 0
1599: 3 4 4
1600: 1 0 1
1601: 6 2 0
1602: 1 0 0
1603: 3 4 3
1604: 1 0 1
1605: 5 5 3
1606: 1 0 0
1607: 3 4 4
1608: 1 0 1
1609: 8 1 2
1610: 1 0 0
1611: 2 3 2
1612: 1 0 1
1613: 3 4 3
1614: 1 0 0
1615: 2 3 3
1616: 1 0 1
1617: 5 5 4
1618: 1 0 0
1619: 2 3 2
1620: 1 0 1
1621: 3 4 4
1622: 1 0 0
1623: 2 3 3
1624: 1 0 1
1625: 6 1 0
1626: 1 0 0
1627: 2 3 2
1628: 1 0 1
1629: 3 4 3
1630: 1 0 0
1631: 2 3 3
1632: 1 0 1
1633: 5 5 3
1634: 1 0 0
1635: 2 3 2
1636: 1 0 1
1637: 3 4 4
1638: 1 0 0
1639: 2 3 3
1640: 1 0 1
1641: 6 0 0
1642: 2 3 2
1643: 3 4 3
1644: 2 3 3
1645: 5 5 4
1646: 2 3 2
1647: 3 4 4
1648: 12 1 5
1649: 3 4 3
1650: 5 5 3
1651: 3 4 4
1652: 6 1 0
1653: 1 0 0
1654: 3 4 3
1655: 1 0 1
1656: 5 5 4
1657: 1 0 0
1658: 3 4 4
1659: 1 0 1
1660: 6 2 0
1661: 1 0 0
1662: 3 4 3
1663: 1 0 1
1664: 5 5 3
1665: 1 0 0
1666: 3 4 4
1667: 1 0 1
1668: 7 2 1
1669: 1 0 0
1670: 3 4 3
1671: 1 0 1
1672: 5 5 4
1673: 1 0 0
1674: 3 4 4
1675: 1 0 1
1676: 6 1 0
1677: 1 0 0
1678: 3 4 3
1679: 1 0 1
1680: 5 5 3
1681: 1 0 0
1682: 3 4 4
1683: 1 0 1
1684: 6 0 0
1685: 3 4 3
1686: 5 5 4
1687: 3 4 4
1688: 7 1 1
1689: 2 3 1
1690: 2 3 0
1691: 3 4 3
1692: 2 3 1
1693: 2 3 2
1694: 5 5 3
1695: 2 3 1
1696: 2 3 0
1697: 3 4 4
1698: 2 3 1
1699: 2 3 2
1700: 6 1 0
1701: 1 0 0
1702: 2 3 1
1703: 1 0 1
1704: 3 4 3
1705: 1 0 0
1706: 2 3 2
1707: 1 0 1
1708: 5 5 4
1709: 1 0 0
1710: 2 3 1
1711: 1 0 1
1712: 3 4 4
1713: 1 0 0
1714: 2 3 2
1715: 1 0 1
1716: 6 2 0
1717: 1 0 0
1718: 2 3 1
1719: 1 0 1
1720: 3 4 3
1721: 1 0 0
1722: 2 3 2
1723: 1 0 1
1724: 5 5 3
1725: 1 0 0
1726: 2 3 1
1727: 1 0 1
1728: 3 4 4
1729: 1 0 0
1730: 2 3 2
1731: 8 0 2
1732: 0 2 2
1733: 2 3 1
1734: 0 2 3
1735: 3 4 3
1736: 0 2 2
1737: 2 3 2
1738: 0 2 3
1739: 5 5 4
1740: 0 2 2
1741: 2 3 1
1742: 0 2 3
1743: 3 4 4
1744: 0 2 2
1745: 2 3 2
1746: 0 2 3
1747: 6 1 0
1748: 0 2 2
1749: 2 3 1
1750: 0 2 3
1751: 3 4 3
1752: 0 2 2
1753: 2 3 2
1754: 0 2 3
1755: 5 5 3
1756: 0 2 2
1757: 2 3 1
1758: 0 2 3
1759: 3 4 4
1760: 0 2 2
1761: 2 3 2
1762: 0 2 3
1763: 7 2 1
1764: 0 2 2
1765: 3 4 3
1766: 0 2 3
1767: 5 5 4
1768: 0 2 2
1769: 3 4 4
1770: 0 2 3
1771: 6 2 0
1772: 0 2 2
1773: 3 4 3
1774: 0 2 3
1775: 5 5 3
1776: 0 2 2
1777: 3 4 4
1778: 0 2 3
1779: 7 3 1
1780: 0 2 2
1781: 0 2 1
1782: 3 4 3
1783: 0 2 2
1784: 0 2 3
1785: 5 5 4
1786: 0 2 2
1787: 0 2 1
1788: 3 4 4
1789: 0 2 2
1790: 0 2 3
1791: 6 1 0
1792: 0 2 2
1793: 0 2 1
1794: 3 4 3
1795: 0 2 2
1796: 0 2 3
1797: 5 5 3
1798: 0 2 2
1799: 0 2 1
1800: 3 4 4
1801: 0 2 2
1802: 0 2 3
1803: 12 0 5
1804: 0 2 2
1805: 0 2 1
1806: 2 3 3
1807: 0 2 2
1808: 0 2 3
1809: 3 4 3
1810: 0 2 2
1811: 0 2 1
1812: 2 3 2
1813: 0 2 2
1814: 0 2 3
1815: 5 5 4
1816: 0 2 2
1817: 0 2 1
1818: 2 3 3
1819: 0 2 2
1820: 0 2 3
1821: 3 4 4
1822: 0 2 2
1823: 0 2 1
1824: 2 3 2
1825: 0 2 2
1826: 0 2 3
1827: 6 2 0
1828: 0 2 2
1829: 0 2 1
1830: 2 3 3
1831: 0 2 2
1832: 0 2 3
1833: 3 4 3
1834: 0 2 2
1835: 0 2 1
1836: 2 3 2
1837: 0 2 2
1838: 0 2 3
1839: 5 5 3
1840: 0 2 2
1841: 0 2 1
1842: 2 3 3
1843: 0 2 2
1844: 0 2 3
1845: 3 4 4
1846: 0 2 2
1847: 0 2 1
1848: 2 3 2
1849: 0 2 2
1850: 0 2 3
1851: 7 2 1
1852: 0 2 2
1853: 2 3 3
1854: 0 2 3
1855: 3 4 3
1856: 0 2 2
1857: 2 3 2
1858: 0 2 3
1859: 5 5 4
1860: 0 2 2
1861: 2 3 3
1862: 0 2 3
1863: 3 4 4
1864: 0 2 2
1865: 2 3 2
1866: 0 2 3
1867: 6 1 0
1868: 0 2 2
1869: 2 3 3
1870: 0 2 3
1871: 3 4 3
1872: 0 2 2
1873: 2 3 2
1874: 0 2 3
1875: 5 5 3
1876: 0 2 2
1877: 2 3 3
1878: 0 2 3
1879: 3 4 4
1880: 0 2 2
1881: 2 3 2
1882: 0 2 3
1883: 7 1 1
1884: 0 2 2
1885: 2 3 1
1886: 0 2 3
1887: 3 4 3
1888: 0 2 2
1889: 2 3 2
1890: 0 2 3
1891: 2 3 3
1892: 0 2 2
1893: 3 4 4
1894: 0 2 3
1895: 5 5 4
1896: 0 2 2
1897: 2 3 2
1898: 0 2 3
1899: 2 3 1
1900: 0 2 2
1901: 3 4 3
1902: 0 2 3
1903: 2 3 2
1904: 0 2 2
1905: 2 3 3
1906: 0 2 3
1907: 6 2 0
1908: 0 2 2
1909: 2 3 2
1910: 0 2 3
1911: 2 3 1
1912: 0 2 2
1913: 3 4 4
1914: 0 2 3
1915: 2 3 2
1916: 0 2 2
1917: 2 3 3
1918: 0 2 3
1919: 5 5 3
1920: 0 2 2
1921: 2 3 2
1922: 0 2 3
1923: 2 3 1
1924: 0 2 2
1925: 3 4 3
1926: 0 2 3
1927: 2 3 2
1928: 0 2 2
1929: 2 3 3
1930: 11 1 4
1931: 2 3 2
1932: 2 3 1
1933: 3 4 4
1934: 2 3 2
1935: 2 3 3
1936: 5 5 4
1937: 2 3 2
1938: 2 3 1
1939: 3 4 3
1940: 2 3 2
1941: 2 3 3
1942: 6 1 0
1943: 2 3 2
1944: 2 3 1
1945: 3 4 4
1946: 2 3 2
1947: 2 3 3
1948: 5 5 3
1949: 2 3 2
1950: 2 3 1
1951: 3 4 3
1952: 2 3 2
1953: 2 3 3
1954: 7 2 1
1955: 2 3 2
1956: 3 4 4
1957: 2 3 3
1958: 5 5 4
1959: 2 3 2
1960: 3 4 3
1961: 2 3 3
1962: 6 2 0
1963: 2 3 2
1964: 3 4 4
1965: 2 3 3
1966: 5 5 3
1967: 2 3 2
1968: 3 4 3
1969: 2 3 3
1970: 7 3 1
1971: 0 2 1
1972: 2 3 2
1973: 0 2 2
1974: 3 4 4
1975: 0 2 1
1976: 2 3 3
1977: 0 2 2
1978: 5 5 4
1979: 0 2 1
1980: 2 3 2
1981: 0 2 2
1982: 3 4 3
1983: 0 2 1
1984: 2 3 3
1985: 0 2 2
1986: 6 1 0
1987: 0 2 1
1988: 2 3 2
1989: 0 2 2
1990: 3 4 4
1991: 0 2 1
1992: 2 3 3
1993: 0 2 2
1994: 5 5 3
1995: 0 2 1
1996: 2 3 2
1997: 0 2 2
1998: 3 4 3
1999: 0 2 1
2000: 2 3 3
2001: 10 1 3
2002: 2 3 2
2003: 3 4 4
2004: 2 3 3
2005: 5 5 4
2006: 2 3 2
2007: 3 4 3
2008: 2 3 3
2009: 6 2 0
2010: 2 3 2
2011: 3 4 4
2012: 2 3 3
2013: 5 5 3
2014: 2 3 2
2015: 3 4 3
2016: 2 3 3
2017: 11 0 4
2018: 2 3 2
2019: 3 4 4
2020: 2 3 3
2021: 5 5 4
2022: 2 3 2
2023: 3 4 3
2024: 2 3 3
2025: 6 1 0
2026: 2 3 2
2027: 3 4 4
2028: 2 3 3
2029: 5 5 3
2030: 2 3 2
2031: 3 4 3
2032: 12 1 5
2033: 3 4 4
2034: 5 5 4
2035: 3 4 3
2036: 6 2 0
2037: 3 4 4
2038: 5 5 3
2039: 3 4 3
2040: 11 1 4
2041: 3 4 4
2042: 5 5 4
2043: 3 4 3
2044: 6 1 0
2045: 3 4 4
2046: 5 5 3
2047: 3 4 3
2048: 10 0 3
2049: 0 2 2
2050: 3 4 4
2051: 0 2 1
2052: 5 5 4
2053: 0 2 2
2054: 3 4 3
2055: 0 2 1
2056: 6 2 0
2057: 0 2 2
2058: 3 4 4
2059: 0 2 1
2060: 5 5 3
2061: 0 2 2
2062: 3 4 3
2063: 0 2 1
2064: 12 2 5
2065: 0 2 2
2066: 5 5 4
2067: 0 2 1
2068: 6 1 0
2069: 0 2 2
2070: 5 5 3
2071: 0 2 1
2072: 10 1 3
2073: 5 5 4
2074: 6 2 0
2075: 5 5 3
2076: 11 0 4
2077: 5 5 4
2078: 6 1 0
2079: 5 5 3
2080: 10 0 3
2081: 0 2 2
2082: 0 2 3
2083: 5 5 4
2084: 0 2 2
2085: 0 2 1
2086: 6 2 0
2087: 0 2 2
2088: 0 2 3
2089: 5 5 3
2090: 0 2 2
2091: 0 2 1
2092: 12 3 5
2093: 0 2 2
2094: 0 2 3
2095: 0 2 4